1239	420	7
4.686378218821119e-08	1.0	-0.6053365468978882	0.46814513206481934	0.20771147310733795	0.5	4	0.5	3	0.0	0	0.09724364429712296	-0.12532509863376617	-0.9873384833335876	0.9877701997756958	-0.10932892560958862	0.11116352677345276	-0.12187623232603073	-0.9860734939575195	0.11316085606813431
0.06856882572174072	-1.0	-0.3447186350822449	0.5623421669006348	0.6950310468673706	1.0	0	0.0	0	0.0	0	0.09724364429712296	-0.12532509863376617	-0.9873384833335876	0.9877701997756958	-0.10932891815900803	0.11116352677345276	-0.12187620997428894	-0.98607337474823	0.11316083371639252
6.210743208612257e-08	-1.0	-0.35147202014923096	0.5500161647796631	0.6968873143196106	1.0	0	0.0	0	0.0	0	0.09724364429712296	-0.12532509863376617	-0.9873384833335876	0.987770140171051	-0.10932891815900803	0.11116351932287216	-0.12187622487545013	-0.9860734343528748	0.11316084861755371
0.11809532344341278	1.0	-0.5937051773071289	0.4893741011619568	0.20451438426971436	0.5	4	0.5	3	0.0	0	0.2879958748817444	-0.12532508373260498	-0.9493956565856934	0.9476969242095947	-0.1051352396607399	0.3013589382171631	-0.13758276402950287	-0.9865293502807617	0.08849167078733444
0.13450251519680023	-1.0	-0.3247178792953491	0.5766206979751587	0.6932420134544373	1.0	0	0.0	0	0.0	0	0.2879958748817444	-0.12532508373260498	-0.9493956565856934	0.94769686460495	-0.1051352247595787	0.3013589382171631	-0.13758276402950287	-0.9865294098854065	0.08849167823791504
0.06856882572174072	-1.0	-0.3447186350822449	0.5623421669006348	0.6950310468673706	1.0	0	0.0	0	0.0	0	0.2879958748817444	-0.12532508373260498	-0.9493956565856934	0.94769686460495	-0.10513521730899811	0.3013589382171631	-0.13758274912834167	-0.9865294098854065	0.08849167823791504
0.23165228962898254	1.0	-0.5592580437660217	0.513965904712677	0.20143325626850128	0.5	4	0.5	3	0.0	0	0.4676804542541504	-0.1253250688314438	-0.8749678134918213	0.8719238638877869	-0.09697174280881882	0.47994306683540344	-0.1449960321187973	-0.987365186214447	0.06392212212085724
0.19526737928390503	-1.0	-0.29223835468292236	0.5923030376434326	0.6915891170501709	1.0	0	0.0	0	0.0	0	0.4676804542541504	-0.1253250688314438	-0.8749678134918213	0.8719238042831421	-0.09697174280881882	0.47994303703308105	-0.1449960470199585	-0.9873652458190918	0.06392212212085724
0.13450251519680023	-1.0	-0.3247178792953491	0.5766206979751587	0.6932420134544373	1.0	0	0.0	0	0.0	0	0.4676804542541504	-0.1253250688314438	-0.8749678134918213	0.8719238638877869	-0.09697175025939941	0.47994306683540344	-0.1449960470199585	-0.987365186214447	0.06392211467027664
0.33630695939064026	1.0	-0.5033189654350281	0.5409753918647766	0.19858644902706146	0.5	4	0.5	3	0.0	0	0.6293919682502747	-0.12532509863376617	-0.7669156193733215	0.7633320093154907	-0.08516425639390945	0.6403681039810181	-0.14556799829006195	-0.98845374584198	0.04206296056509018
0.24852818250656128	-1.0	-0.24852830171585083	0.6087864637374878	0.6901357769966125	1.0	0	0.0	0	0.0	0	0.6293919682502747	-0.12532509863376617	-0.7669156193733215	0.7633320689201355	-0.08516424894332886	0.6403681039810181	-0.14556796848773956	-0.98845374584198	0.04206296056509018
0.19526737928390503	-1.0	-0.29223835468292236	0.5923030376434326	0.6915891170501709	1.0	0	0.0	0	0.0	0	0.6293919682502747	-0.12532509863376617	-0.7669156193733215	0.7633320093154907	-0.08516425639390945	0.6403681039810181	-0.14556799829006195	-0.98845374584198	0.04206296056509018
0.42803752422332764	1.0	-0.4280376136302948	0.5693647265434265	0.19608339667320251	0.5	4	0.5	3	0.0	0	0.7669157385826111	-0.12532511353492737	-0.6293917298316956	0.6259567737579346	-0.07014190405607224	0.7766969799995422	-0.14148636162281036	-0.9896330833435059	0.024655167013406754
0.2922382354736328	-1.0	-0.1952674686908722	0.6254376769065857	0.6889379024505615	1.0	0	0.0	0	0.0	0	0.7669157385826111	-0.12532511353492737	-0.6293917298316956	0.6259567737579346	-0.07014190405607224	0.7766969799995422	-0.14148636162281036	-0.9896330833435059	0.024655167013406754
0.24852818250656128	-1.0	-0.24852830171585083	0.6087864637374878	0.6901357769966125	1.0	0	0.0	0	0.0	0	0.7669157385826111	-0.12532511353492737	-0.6293917298316956	0.6259567737579346	-0.07014190405607224	0.7766969203948975	-0.14148636162281036	-0.9896330833435059	0.024655170738697052
0.5033189058303833	1.0	-0.33630698919296265	0.5980428457260132	0.19402025640010834	0.5	4	0.5	3	0.0	0	0.8749680519104004	-0.12532511353492737	-0.4676799476146698	0.4648914039134979	-0.05246990919113159	0.8838115930557251	-0.13530291616916656	-0.9907273054122925	0.012353073805570602
0.3247177004814148	-1.0	-0.13450263440608978	0.6416165828704834	0.6880414485931396	1.0	0	0.0	0	0.0	0	0.8749680519104004	-0.12532511353492737	-0.4676799476146698	0.4648914337158203	-0.05246991291642189	0.8838115930557251	-0.13530291616916656	-0.9907273054122925	0.012353073805570602
0.2922382354736328	-1.0	-0.1952674686908722	0.6254376769065857	0.6889379024505615	1.0	0	0.0	0	0.0	0	0.8749680519104004	-0.12532511353492737	-0.4676799476146698	0.4648914337158203	-0.05246991291642189	0.8838115930557251	-0.13530291616916656	-0.9907273054122925	0.012353073805570602
0.559257984161377	1.0	-0.23165231943130493	0.6259077191352844	0.19247636198997498	0.5	4	0.5	3	0.0	0	0.9493955373764038	-0.12532509863376617	-0.287995845079422	0.28616082668304443	-0.032800838351249695	0.9576200246810913	-0.12946033477783203	-0.9915733337402344	0.00472216447815299
0.34471845626831055	-1.0	-0.06856894493103027	0.6567016243934631	0.6874809265136719	1.0	0	0.0	0	0.0	0	0.9493955373764038	-0.12532509863376617	-0.287995845079422	0.28616079688072205	-0.032800838351249695	0.9576199650764465	-0.12946033477783203	-0.9915733933448792	0.004722160752862692
0.3247177004814148	-1.0	-0.13450263440608978	0.6416165828704834	0.6880414485931396	1.0	0	0.0	0	0.0	0	0.9493955373764038	-0.12532509863376617	-0.287995845079422	0.28616079688072205	-0.032800838351249695	0.9576200246810913	-0.12946033477783203	-0.9915733337402344	0.004722160752862692
0.5937050580978394	1.0	-0.11809541285037994	0.6518884897232056	0.19151100516319275	0.5	4	0.5	3	0.0	0	0.9873384833335876	-0.12532512843608856	-0.09724455326795578	0.09651696681976318	-0.011879037134349346	0.9952605366706848	-0.12588630616664886	-0.9920446872711182	0.0003673704923130572
0.3514719009399414	-1.0	-2.113559958161204e-07	0.6701129674911499	0.6872779130935669	1.0	0	0.0	0	0.0	0	0.9873384833335876	-0.12532512843608856	-0.09724455326795578	0.09651695936918259	-0.01187903806567192	0.99526047706604	-0.12588630616664886	-0.9920446276664734	0.00036736857146024704
0.34471845626831055	-1.0	-0.06856894493103027	0.6567016243934631	0.6874809265136719	1.0	0	0.0	0	0.0	0	0.9873384833335876	-0.12532512843608856	-0.09724455326795578	0.09651696681976318	-0.011879037134349346	0.9952605366706848	-0.12588630616664886	-0.9920446872711182	0.0003673704923130572
0.6053364872932434	1.0	-1.5817471421541995e-07	0.6749866604804993	0.0038511103484779596	0.5	4	0.5	3	0.0	0	0.9873384833335876	-0.12532514333724976	0.09724369645118713	-0.10409729927778244	-0.04933518171310425	0.9933428168296814	-0.11969329416751862	-0.9908883571624756	-0.06175653263926506
0.3447185158729553	-1.0	0.06856852769851685	0.7345632314682007	0.4967518746852875	1.0	0	0.0	0	0.0	0	0.9873384833335876	-0.12532514333724976	0.09724369645118713	-0.10409729927778244	-0.049335185438394547	0.9933428168296814	-0.11969329416751862	-0.9908883571624756	-0.06175653636455536
0.3514719009399414	-1.0	-2.113559958161204e-07	0.7233371138572693	0.49759259819984436	1.0	0	0.0	0	0.0	0	0.9873384833335876	-0.12532514333724976	0.09724369645118713	-0.10409729182720184	-0.04933517798781395	0.9933427572250366	-0.11969328671693802	-0.9908883571624756	-0.06175652891397476
0.5937051177024841	1.0	0.11809509247541428	0.6943212151527405	0.002403214341029525	0.5	4	0.5	3	0.0	0	0.9493954181671143	-0.12532509863376617	0.2879965901374817	-0.2947787940502167	-0.039032232016325	0.9547679424285889	-0.10841523110866547	-0.99134761095047	-0.07400020211935043
0.3247177004814148	-1.0	0.13450223207473755	0.7479899525642395	0.4960862994194031	1.0	0	0.0	0	0.0	0	0.9493954181671143	-0.12532509863376617	0.2879965901374817	-0.2947787940502167	-0.039032239466905594	0.9547679424285889	-0.10841523110866547	-0.99134761095047	-0.07400021702051163
0.3447185158729553	-1.0	0.06856852769851685	0.7345632314682007	0.4967518746852875	1.0	0	0.0	0	0.0	0	0.9493954181671143	-0.12532509863376617	0.2879965901374817	-0.29477882385253906	-0.0390322282910347	0.9547680020332336	-0.10841524600982666	-0.9913476705551147	-0.07400020956993103
0.3483728766441345	-0.4681215286254883	0.23277509212493896	0.7578811049461365	0.36393749713897705	0	0	0	0	0	0	0.874968409538269	-0.12532512843608856	0.4676794707775116	-0.47425445914268494	-0.02725427784025669	0.8799659609794617	-0.09753556549549103	-0.9917413592338562	-0.08328261971473694
0.3203306794166565	-0.7338228225708008	0.21403788030147552	0.7604888677597046	0.42972052097320557	0	0	0	0	0	0	0.874968409538269	-0.12532512843608856	0.4676794707775116	-0.47425445914268494	-0.02725427784025669	0.8799659609794617	-0.09753556549549103	-0.9917413592338562	-0.08328261971473694
0.3247177004814148	-1.0	0.13450223207473755	0.7479899525642395	0.4960862994194031	1.0	0	0.0	0	0.0	0	0.874968409538269	-0.12532512843608856	0.4676794707775116	-0.47425445914268494	-0.02725427784025669	0.8799659609794617	-0.09753556549549103	-0.9917413592338562	-0.08328261971473694
0.2922382354736328	-1.0	0.19526711106300354	0.7631012797355652	0.49562138319015503	1.0	0	0.0	0	0.0	0	0.7669159770011902	-0.12532518804073334	0.6293914318084717	-0.6357362270355225	-0.01444231253117323	0.7717713117599487	-0.08763251453638077	-0.9920105934143066	-0.09074979275465012
0.27203455567359924	-0.7381047010421753	0.27203428745269775	0.7782798409461975	0.430510938167572	0	0	0	0	0	0	0.7669159770011902	-0.12532518804073334	0.6293914318084717	-0.6357362270355225	-0.014442311599850655	0.7717713117599487	-0.08763251453638077	-0.9920105934143066	-0.09074979275465012
0.24852821230888367	-1.0	0.24852794408798218	0.7793165445327759	0.4953749477863312	1.0	0	0.0	0	0.0	0	0.7669159770011902	-0.12532518804073334	0.6293914318084717	-0.6357362270355225	-0.01444231253117323	0.7717713117599487	-0.08763251453638077	-0.9920105934143066	-0.09074979275465012
0.2687222361564636	0.041620850563049316	0.4021710455417633	0.7981699705123901	0.23736970126628876	0	0	0	0	0	0	0.6293914318084717	-0.12532514333724976	0.7669159770011902	-0.77309650182724	-0.0010779364965856075	0.6342875361442566	-0.07866548746824265	-0.9921151399612427	-0.0975668728351593
0.19526737928390503	-1.0	0.2922379970550537	0.7960125803947449	0.4953565299510956	1.0	0	0.0	0	0.0	0	0.6293914318084717	-0.12532514333724976	0.7669159770011902	-0.77309650182724	-0.0010779401054605842	0.6342874765396118	-0.07866548001766205	-0.9921151399612427	-0.0975668802857399
0.29610675573349	-0.46990466117858887	0.2961065173149109	0.7772181630134583	0.3640853762626648	0	0	0	0	0	0	0.6293914318084717	-0.12532514333724976	0.7669159770011902	-0.7730964422225952	-0.0010779401054605842	0.6342874765396118	-0.07866548001766205	-0.9921151399612427	-0.0975668728351593
0.2687222361564636	0.041620850563049316	0.4021710455417633	0.7981699705123901	0.23736970126628876	0	0	0	0	0	0	0.46768030524253845	-0.12532514333724976	0.8749679327011108	-0.8811192512512207	0.012323934584856033	0.4727334678173065	-0.07002843171358109	-0.9920392036437988	-0.10466273874044418
0.13450248539447784	-1.0	0.32471752166748047	0.8125478029251099	0.49556681513786316	1.0	0	0.0	0	0.0	0	0.46768030524253845	-0.12532514333724976	0.8749679327011108	-0.8811193108558655	0.012323939241468906	0.4727334976196289	-0.07002844661474228	-0.9920392632484436	-0.10466273874044418
0.19526737928390503	-1.0	0.2922379970550537	0.7960125803947449	0.4953565299510956	1.0	0	0.0	0	0.0	0	0.46768030524253845	-0.12532514333724976	0.8749679327011108	-0.8811192512512207	0.012323940172791481	0.4727334678173065	-0.07002843916416168	-0.9920392036437988	-0.10466273128986359
0.11809518188238144	1.0	0.5937049388885498	0.8557403087615967	0.0011043325066566467	0.5	4	0.5	3	0.0	0	0.2879953682422638	-0.12532511353492737	0.9493957161903381	-0.9557042121887207	0.02525816671550274	0.29324325919151306	-0.060730740427970886	-0.9917941689491272	-0.11249950528144836
0.06856876611709595	-1.0	0.3447182774543762	0.8282867670059204	0.49599772691726685	1.0	0	0.0	0	0.0	0	0.2879953682422638	-0.12532511353492737	0.9493957161903381	-0.9557042121887207	0.025258170440793037	0.2932432293891907	-0.060730740427970886	-0.9917941689491272	-0.11249950528144836
0.1853000968694687	0.045759737491607666	0.44735395908355713	0.8209586143493652	0.23663429915905	0	0	0	0	0	0	0.2879953682422638	-0.12532511353492737	0.9493957161903381	-0.9557041525840759	0.02525816299021244	0.2932432293891907	-0.060730740427970886	-0.991794228553772	-0.11249951273202896
0.06856876611709595	-1.0	0.3447182774543762	0.8282867670059204	0.49599772691726685	1.0	0	0.0	0	0.0	0	0.09724361449480057	-0.12532512843608856	0.9873384833335876	-0.9940227270126343	0.03723427280783653	0.1026281788945198	-0.0496247224509716	-0.9914168119430542	-0.12095522880554199
-1.5037986145216564e-07	1.0	0.6053362488746643	0.8804341554641724	0.002197926864027977	0.5	4	0.5	3	0.0	0	0.09724361449480057	-0.12532512843608856	0.9873384833335876	-0.9940226674079895	0.03723427280783653	0.10262817144393921	-0.049624718725681305	-0.9914168119430542	-0.1209552213549614
-2.2614301542489557e-08	-1.0	0.3514716625213623	0.8426245450973511	0.4966326951980591	1.0	0	0.0	0	0.0	0	0.09724361449480057	-0.12532512843608856	0.9873384833335876	-0.9940226674079895	0.03723427280783653	0.10262817144393921	-0.049624718725681305	-0.9914168119430542	-0.1209552213549614
-1.5037986145216564e-07	1.0	0.6053362488746643	0.8804341554641724	0.002197926864027977	0.5	4	0.5	3	0.0	0	-0.09724446386098862	-0.12532514333724976	0.9873384237289429	-0.9946208596229553	0.04779926687479019	-0.09189444780349731	-0.03567736595869064	-0.9909636378288269	-0.12929920852184296
-0.06856881082057953	-1.0	0.34471821784973145	0.8550102114677429	0.49744734168052673	1.0	0	0.0	0	0.0	0	-0.09724446386098862	-0.12532514333724976	0.9873384237289429	-0.9946208000183105	0.04779926314949989	-0.09189444780349731	-0.03567736595869064	-0.9909635782241821	-0.12929920852184296
-2.2614301542489557e-08	-1.0	0.3514716625213623	0.8426245450973511	0.4966326951980591	1.0	0	0.0	0	0.0	0	-0.09724446386098862	-0.12532514333724976	0.9873384237289429	-0.9946208596229553	0.04779927060008049	-0.09189444780349731	-0.03567737340927124	-0.9909636378288269	-0.12929920852184296
-0.11809547245502472	1.0	0.593704879283905	0.0	0.20802371203899384	0.5	4	0.5	3	0.0	0	-0.2879965901374817	-0.12532515823841095	0.9493954181671143	-0.957146942615509	0.006139534991234541	-0.28953754901885986	0.030457492917776108	-0.9920967221260071	-0.1217227578163147
-0.13450251519680023	-1.0	0.3247174024581909	0.10134220868349075	0.6835596561431885	1.0	0	0.0	0	0.0	0	-0.2879965901374817	-0.12532515823841095	0.9493954181671143	-0.957146942615509	0.006139532197266817	-0.28953754901885986	0.030457494780421257	-0.9920967221260071	-0.1217227578163147
-0.06856881082057953	-1.0	0.34471821784973145	0.08811356127262115	0.6834591031074524	1.0	0	0.0	0	0.0	0	-0.2879965901374817	-0.12532515823841095	0.9493954181671143	-0.9571470022201538	0.006139532197266817	-0.28953754901885986	0.030457494780421257	-0.9920967817306519	-0.1217227652668953
-0.23165243864059448	1.0	0.5592576861381531	0.022783538326621056	0.2081969976425171	0.5	4	0.5	3	0.0	0	-0.4676804542541504	-0.12532515823841095	0.8749678134918213	-0.8799840807914734	-0.02703091688454151	-0.4742334485054016	0.08308456838130951	-0.9917474389076233	-0.09764230996370316
-0.19526737928390503	-1.0	0.29223787784576416	0.11628590524196625	0.6831166744232178	1.0	0	0.0	0	0.0	0	-0.4676804542541504	-0.12532515823841095	0.8749678134918213	-0.8799840807914734	-0.02703092060983181	-0.4742334485054016	0.08308456838130951	-0.9917474389076233	-0.09764230996370316
-0.13450251519680023	-1.0	0.3247174024581909	0.10134220868349075	0.6835596561431885	1.0	0	0.0	0	0.0	0	-0.4676804542541504	-0.12532515823841095	0.8749678134918213	-0.8799840807914734	-0.027030913159251213	-0.4742334485054016	0.08308456093072891	-0.9917474389076233	-0.09764230996370316
-0.3363071382045746	1.0	0.5033185482025146	0.04852093383669853	0.20743393898010254	0.5	4	0.5	3	0.0	0	-0.6293920278549194	-0.12532514333724976	0.7669154405593872	-0.7669112086296082	-0.05902065336704254	-0.6390334367752075	0.12535080313682556	-0.9903585910797119	-0.05896613001823425
-0.3932352662086487	0.612249493598938	0.3932346999645233	0.08710862696170807	0.2981228530406952	0	0	0	0	0	0	-0.6293920278549194	-0.12532514333724976	0.7669154405593872	-0.7669113278388977	-0.05902064964175224	-0.6390334367752075	0.12535078823566437	-0.9903585910797119	-0.05896613374352455
-0.33089151978492737	-0.08235150575637817	0.33089104294776917	0.10660862177610397	0.4635709226131439	0	0	0	0	0	0	-0.6293920278549194	-0.12532514333724976	0.7669154405593872	-0.7669112682342529	-0.05902065709233284	-0.6390334367752075	0.12535080313682556	-0.9903586506843567	-0.05896613374352455
-0.2863646447658539	-0.5784462690353394	0.28636422753334045	0.12053582072257996	0.5817365050315857	0	0	0	0	0	0	-0.7669159770011902	-0.12532517313957214	0.6293912529945374	-0.6232305765151978	-0.08844565600156784	-0.7770206332206726	0.15304717421531677	-0.9881654381752014	-0.010276093147695065
-0.2922382354736328	-1.0	0.1952669322490692	0.14897750318050385	0.6806880831718445	1.0	0	0.0	0	0.0	0	-0.7669159770011902	-0.12532517313957214	0.6293912529945374	-0.6232305765151978	-0.08844565600156784	-0.7770206332206726	0.15304717421531677	-0.9881654381752014	-0.010276093147695065
-0.24852818250656128	-1.0	0.24852782487869263	0.13237036764621735	0.6821470260620117	1.0	0	0.0	0	0.0	0	-0.7669159770011902	-0.12532517313957214	0.6293912529945374	-0.6232305765151978	-0.08844565600156784	-0.7770206332206726	0.15304717421531677	-0.9881654381752014	-0.010276093147695065
-0.5592581033706665	1.0	0.2316516637802124	0.1332286149263382	0.19999223947525024	0.5	4	0.5	3	0.0	0	-0.8749683499336243	-0.12532518804073334	0.46767932176589966	-0.4555538594722748	-0.11411780118942261	-0.8828635215759277	0.16401556134223938	-0.9855307340621948	0.04275708645582199
-0.32471764087677	-1.0	0.13450202345848083	0.16546908020973206	0.6787958145141602	1.0	0	0.0	0	0.0	0	-0.8749683499336243	-0.12532518804073334	0.46767932176589966	-0.4555538594722748	-0.11411779373884201	-0.8828635215759277	0.16401556134223938	-0.9855307340621948	0.04275708645582199
-0.38970524072647095	-0.07649576663970947	0.2603922188282013	0.1285901516675949	0.46023058891296387	0	0	0	0	0	0	-0.8749683499336243	-0.12532518804073334	0.46767932176589966	-0.4555538594722748	-0.11411780118942261	-0.8828635215759277	0.16401556134223938	-0.9855307340621948	0.04275708645582199
-0.5592581033706665	1.0	0.2316516637802124	0.1332286149263382	0.19999223947525024	0.5	4	0.5	3	0.0	0	-0.9493957161903381	-0.12532518804073334	0.2879956364631653	-0.27125316858291626	-0.1350751370191574	-0.9529829025268555	0.15833380818367004	-0.9828776121139526	0.09424489736557007
-0.34471839666366577	-1.0	0.06856827437877655	0.18121135234832764	0.6765429973602295	1.0	0	0.0	0	0.0	0	-0.9493957161903381	-0.12532518804073334	0.2879956364631653	-0.27125316858291626	-0.1350751370191574	-0.9529829621315002	0.15833380818367004	-0.9828775525093079	0.09424488246440887
-0.32471764087677	-1.0	0.13450202345848083	0.16546908020973206	0.6787958145141602	1.0	0	0.0	0	0.0	0	-0.9493957161903381	-0.12532518804073334	0.2879956364631653	-0.27125316858291626	-0.13507512211799622	-0.9529829025268555	0.15833380818367004	-0.9828776121139526	0.09424488246440887
-0.5937051177024841	1.0	0.11809464544057846	0.16034135222434998	0.1961122751235962	0.5	4	0.5	3	0.0	0	-0.9873385429382324	-0.12532514333724976	0.09724360704421997	-0.07794680446386337	-0.15060989558696747	-0.9855155944824219	0.1381557285785675	-0.980617344379425	0.13893425464630127
-0.35147178173065186	-1.0	-5.242015390649613e-07	0.19559933245182037	0.6740162372589111	1.0	0	0.0	0	0.0	0	-0.9873385429382324	-0.12532514333724976	0.09724360704421997	-0.07794680446386337	-0.15060989558696747	-0.9855155944824219	0.1381557285785675	-0.980617344379425	0.13893425464630127
-0.34471839666366577	-1.0	0.06856827437877655	0.18121135234832764	0.6765429973602295	1.0	0	0.0	0	0.0	0	-0.9873385429382324	-0.12532514333724976	0.09724360704421997	-0.07794680446386337	-0.15060989558696747	-0.9855155944824219	0.1381557285785675	-0.980617344379425	0.13893425464630127
-0.35147178173065186	-1.0	-5.242015390649613e-07	0.19559933245182037	0.6740162372589111	1.0	0	0.0	0	0.0	0	-0.9873383641242981	-0.12532512843608856	-0.09724533557891846	0.11687874794006348	-0.16027024388313293	-0.980129063129425	0.10724925249814987	-0.9790847897529602	0.17288878560066223
-0.593704879283905	1.0	-0.1180960163474083	0.20661716163158417	0.1871040016412735	0.5	4	0.5	3	0.0	0	-0.9873383641242981	-0.12532512843608856	-0.09724533557891846	0.11687874048948288	-0.16027022898197174	-0.9801290035247803	0.10724925994873047	-0.979084849357605	0.17288878560066223
-0.3447182774543762	-1.0	-0.06856930255889893	0.20808011293411255	0.6713126301765442	1.0	0	0.0	0	0.0	0	-0.9873383641242981	-0.12532512843608856	-0.09724533557891846	0.11687874794006348	-0.16027024388313293	-0.980129063129425	0.10724925249814987	-0.9790847897529602	0.17288878560066223
-0.593704879283905	1.0	-0.1180960163474083	0.20661716163158417	0.1871040016412735	0.5	4	0.5	3	0.0	0	-0.9493951797485352	-0.12532512843608856	-0.28799739480018616	0.306104838848114	-0.1638285368680954	-0.9377953410148621	0.0703471302986145	-0.978495717048645	0.19390065968036652
-0.3247174024581909	-1.0	-0.13450300693511963	0.21817408502101898	0.6685360074043274	1.0	0	0.0	0	0.0	0	-0.9493951797485352	-0.12532512843608856	-0.28799739480018616	0.306104838848114	-0.1638285517692566	-0.9377954006195068	0.0703471302986145	-0.9784957766532898	0.1939006745815277
-0.3447182774543762	-1.0	-0.06856930255889893	0.20808011293411255	0.6713126301765442	1.0	0	0.0	0	0.0	0	-0.9493951797485352	-0.12532512843608856	-0.28799739480018616	0.306104838848114	-0.1638285368680954	-0.9377953410148621	0.0703471302986145	-0.978495717048645	0.19390065968036652
-0.5592576265335083	1.0	-0.23165294528007507	0.4278264045715332	0.4878539443016052	0.5	4	0.5	3	0.0	0	-0.8749676942825317	-0.12532511353492737	-0.4676804840564728	-0.3940759599208832	-0.37687283754348755	0.8382547497749329	-0.28131043910980225	0.9177474975585938	0.28036394715309143
-0.29223787784576416	-1.0	-0.19526785612106323	0.39095833897590637	0.11741815507411957	1.0	0	0.0	0	0.0	0	-0.8749676942825317	-0.12532511353492737	-0.4676804840564728	-0.3940759599208832	-0.37687280774116516	0.8382547497749329	-0.28131043910980225	0.9177474975585938	0.28036394715309143
-0.3247174024581909	-1.0	-0.13450300693511963	0.40565943717956543	0.12251993268728256	1.0	0	0.0	0	0.0	0	-0.8749676942825317	-0.12532511353492737	-0.4676804840564728	-0.3940759599208832	-0.37687286734580994	0.8382547497749329	-0.28131046891212463	0.9177474975585938	0.2803640067577362
-0.40475356578826904	0.7405887842178345	-0.40475475788116455	0.3750022351741791	0.4267790615558624	0	0	0	0	0	0	-0.7669152021408081	-0.12532514333724976	-0.6293924450874329	-0.5876546502113342	-0.2569616734981537	0.7672239542007446	-0.25788217782974243	0.9582611322402954	0.12341991066932678
-0.34348422288894653	0.0579569935798645	-0.3434852957725525	0.37499725818634033	0.3041568994522095	0	0	0	0	0	0	-0.7669152021408081	-0.12532514333724976	-0.6293924450874329	-0.5876546502113342	-0.2569616734981537	0.767224133014679	-0.25788217782974243	0.9582611322402954	0.12341989576816559
-0.5033183693885803	1.0	-0.3363076448440552	0.40250682830810547	0.47906729578971863	0.5	4	0.5	3	0.0	0	-0.7669152021408081	-0.12532514333724976	-0.6293924450874329	-0.5876546502113342	-0.2569616734981537	0.7672240138053894	-0.2578822076320648	0.9582611322402954	0.12341990321874619
-0.24852773547172546	-1.0	-0.2485286295413971	0.3749896287918091	0.11411452293395996	1.0	0	0.0	0	0.0	0	-0.6293910145759583	-0.12532509863376617	-0.7669162750244141	-0.7592887878417969	-0.11084253340959549	0.6412445306777954	-0.16537097096443176	0.9859044551849365	-0.02539464831352234
-0.26909899711608887	0.046972572803497314	-0.4027365446090698	0.35208937525749207	0.30028390884399414	0	0	0	0	0	0	-0.6293910145759583	-0.12532509863376617	-0.7669162750244141	-0.7592887878417969	-0.11084253340959549	0.6412445306777954	-0.16537097096443176	0.9859044551849365	-0.02539464458823204
-0.19526684284210205	-1.0	-0.29223865270614624	0.3583669662475586	0.11273592710494995	1.0	0	0.0	0	0.0	0	-0.6293910145759583	-0.12532509863376617	-0.7669162750244141	-0.7592887878417969	-0.11084253340959549	0.6412445306777954	-0.16537097096443176	0.9859044551849365	-0.02539464458823204
-0.23165136575698853	1.0	-0.5592584013938904	0.3177199363708496	0.47203561663627625	0.5	4	0.5	3	0.0	0	-0.46767890453338623	-0.12532508373260498	-0.8749685287475586	-0.8837553262710571	0.04848380759358406	0.46543100476264954	-0.015908371657133102	0.9909303188323975	-0.1334315687417984
-0.15997162461280823	-0.4756593704223633	-0.38620758056640625	0.3354346752166748	0.20737597346305847	0	0	0	0	0	0	-0.46767890453338623	-0.12532508373260498	-0.8749685287475586	-0.8837553262710571	0.04848381131887436	0.46543100476264954	-0.015908371657133102	0.9909303188323975	-0.1334315687417984
-0.26909899711608887	0.046972572803497314	-0.4027365446090698	0.35208937525749207	0.30028390884399414	0	0	0	0	0	0	-0.46767890453338623	-0.12532508373260498	-0.8749685287475586	-0.8837553262710571	0.04848380386829376	0.46543100476264954	-0.0159083753824234	0.9909303188323975	-0.1334315538406372
-0.5033190250396729	1.0	0.3363064229488373	0.10482533276081085	0.2032511979341507	0.5	4	0.5	3	0.0	0	-0.7273193597793579	0.5655725002288818	0.38875991106033325	-0.5303102135658264	-0.10357975214719772	-0.8414525985717773	-0.4356347322463989	-0.818168044090271	0.37526440620422363
-0.20426899194717407	1.5575839281082153	0.08461059629917145	0.0989978089928627	0.05435953661799431	1.0	4	0.0	0	0.0	0	-0.7273193597793579	0.5655725002288818	0.38875991106033325	-0.5303102135658264	-0.10357970744371414	-0.8414525389671326	-0.4356347620487213	-0.818168044090271	0.37526440620422363
-0.5592581033706665	1.0	0.2316516637802124	0.1332286149263382	0.19999223947525024	0.5	4	0.5	3	0.0	0	-0.7273193597793579	0.5655725002288818	0.38875991106033325	-0.5303102135658264	-0.10357974469661713	-0.8414525985717773	-0.4356347918510437	-0.8181681632995605	0.375264436006546
-0.13450191915035248	-1.0	-0.32471805810928345	0.34172916412353516	0.11333541572093964	1.0	0	0.0	0	0.0	0	-0.28799477219581604	-0.1253250390291214	-0.949396014213562	-0.9443236589431763	0.20187310874462128	0.25980785489082336	0.1590970754623413	0.9713603258132935	-0.17648577690124512
-0.07492375373840332	-0.7433438301086426	-0.3766707181930542	0.3211502432823181	0.16215798258781433	0	0	0	0	0	0	-0.28799477219581604	-0.1253250390291214	-0.949396014213562	-0.944323718547821	0.20187312364578247	0.25980788469314575	0.1590970754623413	0.9713603854179382	-0.17648577690124512
-0.068568155169487	-1.0	-0.3447187542915344	0.3257156014442444	0.11588988453149796	1.0	0	0.0	0	0.0	0	-0.28799477219581604	-0.1253250390291214	-0.949396014213562	-0.9443235993385315	0.2018730789422989	0.259807825088501	0.1590970754623413	0.9713603854179382	-0.17648577690124512
6.210743208612257e-08	-1.0	-0.35147202014923096	0.31094178557395935	0.12030115723609924	1.0	0	0.0	0	0.0	0	-0.0972432866692543	-0.12532511353492737	-0.9873385429382324	-0.9415521025657654	0.3330672085285187	0.05045679211616516	0.32252657413482666	0.9345372915267944	-0.1503886729478836
-0.08136597275733948	-0.4831897020339966	-0.409058153629303	0.3165226876735687	0.20905667543411255	0	0	0	0	0	0	-0.0972432866692543	-0.12532511353492737	-0.9873385429382324	-0.9415521025657654	0.3330672085285187	0.05045679211616516	0.32252657413482666	0.9345372915267944	-0.1503886729478836
4.686378218821119e-08	1.0	-0.6053365468978882	0.2646951675415039	0.48403266072273254	0.5	4	0.5	3	0.0	0	-0.0972432866692543	-0.12532511353492737	-0.9873385429382324	-0.9415521025657654	0.3330672085285187	0.05045679211616516	0.32252657413482666	0.9345372915267944	-0.1503886729478836
-0.068568155169487	-1.0	-0.3447187542915344	0.3257156014442444	0.11588988453149796	1.0	0	0.0	0	0.0	0	-0.2877349257469177	-0.1322186291217804	-0.9485393166542053	-0.9445261359214783	0.2029498964548111	0.25822800397872925	0.15836340188980103	0.9702214002609253	-0.18327972292900085
0.013280507177114487	-1.5646193027496338	-0.2908438444137573	0.3198339641094208	0.0172549020498991	1.0	1	0.0	0	0.0	0	-0.2877349257469177	-0.1322186291217804	-0.9485393166542053	-0.944526195526123	0.20294992625713348	0.25822800397872925	0.15836341679096222	0.9702214002609253	-0.18327973783016205
-0.13450191915035248	-1.0	-0.32471805810928345	0.34172916412353516	0.11333541572093964	1.0	0	0.0	0	0.0	0	-0.2877349257469177	-0.1322186291217804	-0.9485393166542053	-0.944526195526123	0.20294994115829468	0.25822800397872925	0.1583634316921234	0.9702214002609253	-0.18327973783016205
0.30842605233192444	-1.559822916984558	0.11418396234512329	0.9529865980148315	0.4842151701450348	1.0	1	0.0	0	0.0	0	-0.00990940909832716	-0.9998542666435242	0.013903800398111343	-0.7765288949012756	0.01645488105714321	0.6298667788505554	-0.6300037503242493	-0.004555094987154007	-0.7765787839889526
-0.006718989461660385	-1.5621538162231445	-0.27804410457611084	0.9525050520896912	0.6079063415527344	1.0	1	0.0	0	0.0	0	-0.00990940909832716	-0.9998542666435242	0.013903800398111343	-0.7765287756919861	0.01645488105714321	0.6298667788505554	-0.6300037503242493	-0.004555093590170145	-0.7765786647796631
0.25789180397987366	-1.5646193027496338	-0.26675155758857727	0.9043426513671875	0.564771294593811	1.0	1	0.0	0	0.0	0	-0.00990940909832716	-0.9998542666435242	0.013903800398111343	-0.7765288949012756	0.01645488105714321	0.6298667192459106	-0.6300036907196045	-0.004555095452815294	-0.7765787839889526
0.13450248539447784	-1.0	0.32471752166748047	0.8125478029251099	0.49556681513786316	1.0	0	0.0	0	0.0	0	0.4640336036682129	0.1760576069355011	0.8681454658508301	-0.8829100131988525	0.01258251816034317	0.4693737030029297	0.07171335071325302	-0.9842994213104248	0.16128171980381012
0.014668934047222137	-1.581848382949829	0.5067672729492188	0.8618849515914917	0.6372726559638977	1.0	2	0.0	0	0.0	0	0.4640336036682129	0.1760576069355011	0.8681454658508301	-0.8829099535942078	0.01258251816034317	0.4693736732006073	0.07171334326267242	-0.9842994213104248	0.16128171980381012
0.19526737928390503	-1.0	0.2922379970550537	0.7960125803947449	0.4953565299510956	1.0	0	0.0	0	0.0	0	0.4640336036682129	0.1760576069355011	0.8681454658508301	-0.8829099535942078	0.01258251816034317	0.4693736732006073	0.07171334326267242	-0.9842994213104248	0.16128171980381012
0.24852818250656128	-1.0	-0.24852830171585083	0.6087864637374878	0.6901357769966125	1.0	0	0.0	0	0.0	0	0.633994996547699	0.03544760122895241	-0.7725244164466858	0.7720726132392883	-0.0861174613237381	0.6296727061271667	-0.04420744627714157	-0.9956541657447815	-0.08196615427732468
0.25789180397987366	-1.5646193027496338	-0.26675155758857727	0.6172699928283691	0.8280084133148193	1.0	1	0.0	0	0.0	0	0.633994996547699	0.03544760122895241	-0.7725244164466858	0.7720726132392883	-0.0861174613237381	0.6296727061271667	-0.04420744627714157	-0.9956541657447815	-0.08196615427732468
0.19526737928390503	-1.0	-0.29223835468292236	0.5923030376434326	0.6915891170501709	1.0	0	0.0	0	0.0	0	0.633994996547699	0.03544760122895241	-0.7725244164466858	0.7720726132392883	-0.0861174538731575	0.6296727061271667	-0.04420744627714157	-0.9956541657447815	-0.08196614682674408
0.3514719009399414	-1.0	-2.113559958161204e-07	0.7233371138572693	0.49759259819984436	1.0	0	0.0	0	0.0	0	0.9947190284729004	0.03059176169335842	0.09797034412622452	-0.09638118743896484	-0.049700040370225906	0.994102954864502	0.035280492156744	-0.9982956051826477	-0.04648910462856293
0.36874938011169434	-1.5646193027496338	0.0008823182433843613	0.7197819352149963	0.6360286474227905	1.0	1	0.0	0	0.0	0	0.9947190284729004	0.03059176169335842	0.09797034412622452	-0.09638118743896484	-0.049700044095516205	0.994102954864502	0.035280492156744	-0.9982956051826477	-0.04648910462856293
0.37375879287719727	-1.5646193027496338	-0.04997958242893219	0.7114548683166504	0.6366521716117859	1.0	1	0.0	0	0.0	0	0.9947190284729004	0.03059176169335842	0.09797034412622452	-0.09638118743896484	-0.0497000478208065	0.994102954864502	0.035280492156744	-0.9982956051826477	-0.046489108353853226
-0.19526684284210205	-1.0	-0.29223865270614624	0.3583669662475586	0.11273592710494995	1.0	0	0.0	0	0.0	0	-0.6180796027183533	-0.22531773149967194	-0.7531331777572632	-0.7492859959602356	-0.12095131725072861	0.6511077880859375	-0.2377985715866089	0.9667485952377319	-0.09406988322734833
-0.009032037109136581	-1.559303641319275	-0.2777484059333801	0.32606709003448486	0.018231844529509544	1.0	1	0.0	0	0.0	0	-0.6180796027183533	-0.22531773149967194	-0.7531331777572632	-0.7492859959602356	-0.1209513247013092	0.6511077880859375	-0.23779860138893127	0.9667485952377319	-0.09406987577676773
-0.24852773547172546	-1.0	-0.2485286295413971	0.3749896287918091	0.11411452293395996	1.0	0	0.0	0	0.0	0	-0.6180796027183533	-0.22531773149967194	-0.7531331777572632	-0.7492859959602356	-0.12095130980014801	0.6511077880859375	-0.2377985715866089	0.9667485952377319	-0.09406988322734833
0.13450251519680023	-1.0	-0.3247178792953491	0.5766206979751587	0.6932420134544373	1.0	0	0.0	0	0.0	0	0.29024189710617065	-0.017144570127129555	-0.9567996859550476	0.9510737657546997	-0.10549512505531311	0.2903952896595001	-0.10591640323400497	-0.994271993637085	-0.014313355088233948
0.16391125321388245	-1.5646193027496338	-0.3056796193122864	0.5950461030006409	0.8305615186691284	1.0	1	0.0	0	0.0	0	0.29024189710617065	-0.017144570127129555	-0.9567996859550476	0.9510737657546997	-0.10549511760473251	0.2903952896595001	-0.10591640323400497	-0.994271993637085	-0.014313353225588799
0.06856882572174072	-1.0	-0.3447186350822449	0.5623421669006348	0.6950310468673706	1.0	0	0.0	0	0.0	0	0.29024189710617065	-0.017144570127129555	-0.9567996859550476	0.9510737657546997	-0.10549511015415192	0.2903952896595001	-0.10591638833284378	-0.994271993637085	-0.0143133495002985
0.3247177004814148	-1.0	-0.13450263440608978	0.6416165828704834	0.6880414485931396	1.0	0	0.0	0	0.0	0	0.9553716778755188	0.057226620614528656	-0.2898106276988983	0.2919577360153198	-0.03344111144542694	0.9558464288711548	0.04500826820731163	-0.9978010654449463	-0.04865644499659538
0.36874938011169434	-1.5646193027496338	-0.1008414626121521	0.6650386452674866	0.8249610662460327	1.0	1	0.0	0	0.0	0	0.9553716778755188	0.057226620614528656	-0.2898106276988983	0.2919577658176422	-0.03344111144542694	0.9558464288711548	0.04500826820731163	-0.9978010654449463	-0.04865644872188568
0.35391342639923096	-1.5646193027496338	-0.14974874258041382	0.6538490653038025	0.8253768682479858	1.0	1	0.0	0	0.0	0	0.9553716778755188	0.057226620614528656	-0.2898106276988983	0.2919577658176422	-0.03344111144542694	0.9558464288711548	0.04500826820731163	-0.9978010654449463	-0.04865644872188568
0.2922382354736328	-1.0	0.19526711106300354	0.7631012797355652	0.49562138319015503	1.0	0	0.0	0	0.0	0	0.6874170899391174	-0.08255466818809509	0.7215555906295776	-0.7243654727935791	-0.006165537983179092	0.689388632774353	-0.05246347188949585	-0.9965674877166748	-0.06403804570436478
0.3110372722148895	-1.5625137090682983	0.11299914121627808	0.7472332715988159	0.6346303224563599	1.0	1	0.0	0	0.0	0	0.6874170899391174	-0.08255466818809509	0.7215555906295776	-0.7243654727935791	-0.006165537983179092	0.689388632774353	-0.05246347188949585	-0.9965674877166748	-0.06403804570436478
0.3298213481903076	-1.5646193027496338	0.09486287832260132	0.7409504652023315	0.6351900100708008	1.0	1	0.0	0	0.0	0	0.6874170899391174	-0.08255466818809509	0.7215555906295776	-0.7243654727935791	-0.006165536120533943	0.689388632774353	-0.05246347561478615	-0.9965674877166748	-0.06403804570436478
6.210743208612257e-08	-1.0	-0.35147202014923096	0.31094178557395935	0.12030115723609924	1.0	0	0.0	0	0.0	0	-0.09760770946741104	-0.09112732112407684	-0.9910442233085632	-0.9433189630508423	0.325864315032959	0.06294377148151398	0.31721001863479614	0.9410145282745361	-0.11776898801326752
0.06218786910176277	-1.5646193027496338	-0.30567967891693115	0.30795565247535706	0.019149724394083023	1.0	1	0.0	0	0.0	0	-0.09760770946741104	-0.09112732112407684	-0.9910442233085632	-0.9433188438415527	0.325864315032959	0.06294376403093338	0.31721004843711853	0.9410144686698914	-0.11776898801326752
-0.068568155169487	-1.0	-0.3447187542915344	0.3257156014442444	0.11588988453149796	1.0	0	0.0	0	0.0	0	-0.09760770946741104	-0.09112732112407684	-0.9910442233085632	-0.9433189034461975	0.325864315032959	0.06294377148151398	0.31721001863479614	0.9410144686698914	-0.11776897311210632
0.2922382354736328	-1.0	-0.1952674686908722	0.6254376769065857	0.6889379024505615	1.0	0	0.0	0	0.0	0	0.7720088958740234	0.0508878268301487	-0.6335715055465698	0.6355836391448975	-0.07119642943143845	0.7687421441078186	-0.005988411605358124	-0.9961634278297424	-0.08730774372816086
0.29739877581596375	-1.5646193027496338	-0.2343289852142334	0.6294968724250793	0.8269303441047668	1.0	1	0.0	0	0.0	0	0.7720088958740234	0.0508878268301487	-0.6335715055465698	0.6355836391448975	-0.07119643688201904	0.7687422037124634	-0.005988411605358124	-0.9961633682250977	-0.08730773627758026
0.24852818250656128	-1.0	-0.24852830171585083	0.6087864637374878	0.6901357769966125	1.0	0	0.0	0	0.0	0	0.7720088958740234	0.0508878268301487	-0.6335715055465698	0.6355836391448975	-0.07119643688201904	0.7687422037124634	-0.005988411605358124	-0.9961633682250977	-0.08730773627758026
0.3447185158729553	-1.0	0.06856852769851685	0.7345632314682007	0.4967518746852875	1.0	0	0.0	0	0.0	0	0.9569231271743774	0.0059290686622262	0.2902810275554657	-0.28983834385871887	-0.0393308587372303	0.9562671780586243	0.017086774110794067	-0.9992086291313171	-0.03591813147068024
0.35391342639923096	-1.5646193027496338	0.049789637327194214	0.7297414541244507	0.6355348825454712	1.0	1	0.0	0	0.0	0	0.9569231271743774	0.0059290686622262	0.2902810275554657	-0.2898383140563965	-0.0393308587372303	0.9562671184539795	0.017086775973439217	-0.9992086887359619	-0.035918135195970535
0.36874938011169434	-1.5646193027496338	0.0008823182433843613	0.7197819352149963	0.6360286474227905	1.0	1	0.0	0	0.0	0	0.9569231271743774	0.0059290686622262	0.2902810275554657	-0.2898383140563965	-0.03933085501194	0.9562671184539795	0.017086774110794067	-0.9992086887359619	-0.03591813147068024
-0.13450191915035248	-1.0	-0.32471805810928345	0.34172916412353516	0.11333541572093964	1.0	0	0.0	0	0.0	0	-0.4639090597629547	-0.17751145362854004	-0.8679159879684448	-0.8850623369216919	0.05071517825126648	0.46270135045051575	-0.03811827301979065	0.9828110933303833	-0.1806359440088272
-0.006718989461660385	-1.5621538162231445	-0.27804410457611084	0.32557713985443115	0.017808623611927032	1.0	1	0.0	0	0.0	0	-0.4639090597629547	-0.17751145362854004	-0.8679159879684448	-0.8850623965263367	0.05071519687771797	0.4627014100551605	-0.03811826556921005	0.9828110933303833	-0.18063592910766602
-0.19526684284210205	-1.0	-0.29223865270614624	0.3583669662475586	0.11273592710494995	1.0	0	0.0	0	0.0	0	-0.4639090597629547	-0.17751145362854004	-0.8679159879684448	-0.8850623965263367	0.050715189427137375	0.4627014100551605	-0.03811826929450035	0.9828110933303833	-0.18063592910766602
0.19526737928390503	-1.0	-0.29223835468292236	0.5923030376434326	0.6915891170501709	1.0	0	0.0	0	0.0	0	0.47136038541793823	0.0124739995226264	-0.8818525075912476	0.8782790303230286	-0.09765983372926712	0.4680688977241516	-0.08028286695480347	-0.9951416254043579	-0.05698861926794052
