3628	1216	1
6.356849979738399e-08	-0.38268327713012695	-0.9238790273666382	0.07550526410341263	0.5090044736862183	1.0	0	0.0	0	0.0	0	0.08653125166893005	-0.46962970495224	-0.8786128163337708	-0.9901460409164429	0.05692942067980766	-0.12794524431228638	0.11010579764842987	0.8810261487960815	-0.4600757658481598
0.16221174597740173	-0.5555701851844788	-0.8154931664466858	0.04967503994703293	0.4778405725955963	1.0	0	0.0	0	0.0	0	0.08653125166893005	-0.46962970495224	-0.8786128163337708	-0.9901459217071533	0.05692939832806587	-0.127945214509964	0.11010576784610748	0.8810261487960815	-0.4600757658481598
2.7218476361667854e-07	-0.5555701851844788	-0.8314687609672546	0.08080148696899414	0.4760635495185852	1.0	0	0.0	0	0.0	0	0.08653125166893005	-0.46962970495224	-0.8786128163337708	-0.9901459813117981	0.05692940577864647	-0.12794522941112518	0.11010578274726868	0.8810262084007263	-0.4600757956504822
0.0	0.8314695954322815	-0.5555702447891235	0.7663110494613647	0.03460819274187088	1.0	0	0.0	0	0.0	0	0.0623607411980629	0.7715058922767639	-0.6331585645675659	-0.9065144062042236	0.30918776988983154	0.28746238350868225	0.41754382848739624	0.5560409426689148	0.7186623811721802
0.13794974982738495	0.7071067690849304	-0.6935198903083801	0.7309060096740723	0.016572151333093643	1.0	0	0.0	0	0.0	0	0.0623607411980629	0.7715058922767639	-0.6331585645675659	-0.9065143465995789	0.30918776988983154	0.28746238350868225	0.41754382848739624	0.5560409426689148	0.7186623811721802
0.0	0.7071067690849304	-0.7071067690849304	0.7572717666625977	0.00559565844014287	1.0	0	0.0	0	0.0	0	0.0623607411980629	0.7715058922767639	-0.6331585645675659	-0.9065143465995789	0.30918776988983154	0.28746238350868225	0.41754382848739624	0.5560409426689148	0.7186623811721802
2.7218476361667854e-07	-0.5555701851844788	-0.8314687609672546	0.40432095527648926	0.6702792644500732	1.0	0	0.0	0	0.0	0	0.07591313123703003	-0.6325613856315613	-0.7707810401916504	-0.8958083391189575	-0.382754385471344	0.2258903980255127	-0.4379093647003174	0.6733239889144897	-0.5957098603248596
0.13794974982738495	-0.7071067690849304	-0.6935198903083801	0.3853844106197357	0.6313391327857971	1.0	0	0.0	0	0.0	0	0.07591313123703003	-0.6325613856315613	-0.7707810401916504	-0.8958083987236023	-0.38275444507598877	0.22589042782783508	-0.4379093647003174	0.6733239889144897	-0.5957098007202148
1.529754740658973e-07	-0.7071067690849304	-0.707106351852417	0.4117542505264282	0.6422438621520996	1.0	0	0.0	0	0.0	0	0.07591313123703003	-0.6325613856315613	-0.7707810401916504	-0.8958083391189575	-0.3827543556690216	0.2258903980255127	-0.4379093647003174	0.6733239889144897	-0.5957098603248596
0.0	0.7071067690849304	-0.7071067690849304	0.08834674209356308	0.7384377121925354	1.0	0	0.0	0	0.0	0	0.07591529935598373	0.6325626969337463	-0.7707797288894653	-0.9971143007278442	0.04801961034536362	-0.0587986595928669	-0.00018129496311303228	0.7730190753936768	0.6343826651573181
0.16221174597740173	0.5555701851844788	-0.8154931664466858	0.04998541623353958	0.705743134021759	1.0	0	0.0	0	0.0	0	0.07591529935598373	0.6325626969337463	-0.7707797288894653	-0.9971142411231995	0.04801960662007332	-0.0587986558675766	-0.0001812949776649475	0.7730191946029663	0.6343826651573181
0.0	0.5555701851844788	-0.8314696550369263	0.08111187070608139	0.7039660811424255	1.0	0	0.0	0	0.0	0	0.07591529935598373	0.6325626969337463	-0.7707797288894653	-0.9971143007278442	0.04801961034536362	-0.058798663318157196	-0.00018129870295524597	0.7730191349983215	0.6343826651573181
1.529754740658973e-07	-0.7071067690849304	-0.707106351852417	0.4117542505264282	0.6422438621520996	1.0	0	0.0	0	0.0	0	0.06236078217625618	-0.7715050578117371	-0.6331596374511719	-0.9278635382652283	-0.2785172164440155	0.24798667430877686	-0.3676688075065613	0.5720210671424866	-0.7332199811935425
0.10838643461465836	-0.8314696550369263	-0.5448950529098511	0.4000887870788574	0.600925862789154	1.0	0	0.0	0	0.0	0	0.06236078217625618	-0.7715050578117371	-0.6331596374511719	-0.9278635382652283	-0.2785172164440155	0.24798667430877686	-0.3676688075065613	0.5720210671424866	-0.7332199811935425
0.0	-0.8314696550369263	-0.5555701851844788	0.42080745100975037	0.609493613243103	1.0	0	0.0	0	0.0	0	0.06236078217625618	-0.7715050578117371	-0.6331596374511719	-0.927863597869873	-0.2785172462463379	0.24798670411109924	-0.36766883730888367	0.5720211267471313	-0.7332199811935425
0.0	0.5555701851844788	-0.8314696550369263	0.08111187070608139	0.7039660811424255	1.0	0	0.0	0	0.0	0	0.08653593063354492	0.4696282148361206	-0.8786130547523499	-0.9961981177330017	0.04967844486236572	-0.07156339287757874	0.010039943270385265	0.8814654350280762	0.47214171290397644
0.18024000525474548	0.3826834261417389	-0.906127393245697	0.041133202612400055	0.6679610013961792	1.0	0	0.0	0	0.0	0	0.08653593063354492	0.4696282148361206	-0.8786130547523499	-0.9961981177330017	0.04967844858765602	-0.07156339287757874	0.010039947926998138	0.881465494632721	0.47214174270629883
0.0	0.3826834261417389	-0.9238795042037964	0.07571905106306076	0.6659864783287048	1.0	0	0.0	0	0.0	0	0.08653593063354492	0.4696282148361206	-0.8786130547523499	-0.9961981773376465	0.04967844858765602	-0.07156340032815933	0.010039943270385265	0.8814654350280762	0.47214168310165405
0.0	-0.8314696550369263	-0.5555701851844788	0.42080745100975037	0.609493613243103	1.0	0	0.0	0	0.0	0	0.04637628048658371	-0.8809728622436523	-0.47088879346847534	-0.9455329179763794	-0.19076454639434814	0.26377367973327637	-0.3222062885761261	0.43300795555114746	-0.8418356776237488
0.0746578723192215	-0.9238796234130859	-0.3753301203250885	0.41686129570007324	0.5673856139183044	1.0	0	0.0	0	0.0	0	0.04637628048658371	-0.8809728622436523	-0.47088879346847534	-0.9455328583717346	-0.19076454639434814	0.26377367973327637	-0.3222063183784485	0.4330079257488251	-0.841835618019104
7.846966099123165e-08	-0.9238796234130859	-0.3826829195022583	0.43113258481025696	0.5732871294021606	1.0	0	0.0	0	0.0	0	0.04637628048658371	-0.8809728622436523	-0.47088879346847534	-0.9455329179763794	-0.19076453149318695	0.26377367973327637	-0.3222062885761261	0.43300795555114746	-0.8418356776237488
0.0	0.3826834261417389	-0.9238795042037964	0.07571905106306076	0.6659864783287048	1.0	0	0.0	0	0.0	0	0.09383473545312881	0.2890039384365082	-0.9527181386947632	-0.9952781200408936	0.051099251955747604	-0.08252574503421783	0.024832913652062416	0.9559631943702698	0.2924341559410095
0.19134177267551422	0.19509035348892212	-0.9619396924972534	0.03565935790538788	0.6280546188354492	1.0	0	0.0	0	0.0	0	0.09383473545312881	0.2890039384365082	-0.9527181386947632	-0.9952780604362488	0.051099248230457306	-0.08252574503421783	0.024832911789417267	0.955963134765625	0.2924341559410095
0.0	0.19509035348892212	-0.9807852506637573	0.07237549126148224	0.6259584426879883	1.0	0	0.0	0	0.0	0	0.09383473545312881	0.2890039384365082	-0.9527181386947632	-0.9952780604362488	0.051099248230457306	-0.08252574503421783	0.024832911789417267	0.955963134765625	0.2924341559410095
7.846966099123165e-08	-0.9238796234130859	-0.3826829195022583	0.43113258481025696	0.5732871294021606	1.0	0	0.0	0	0.0	0	0.028577638790011406	-0.9565495252609253	-0.2901659905910492	-0.9546232223510742	-0.11220455914735794	0.2758708894252777	-0.29644206166267395	0.2691154479980469	-0.9163508415222168
0.038060251623392105	-0.9807853102684021	-0.19134147465229034	0.4350574314594269	0.5320074558258057	1.0	0	0.0	0	0.0	0	0.028577638790011406	-0.9565495252609253	-0.2901659905910492	-0.9546231627464294	-0.11220455914735794	0.2758708596229553	-0.29644206166267395	0.2691154479980469	-0.9163509011268616
1.513972591737911e-08	-0.9807853102684021	-0.1950899213552475	0.4423328936100006	0.5350160598754883	1.0	0	0.0	0	0.0	0	0.028577638790011406	-0.9565495252609253	-0.2901659905910492	-0.9546232223510742	-0.11220456659793854	0.2758708894252777	-0.29644209146499634	0.2691154479980469	-0.9163509607315063
0.0	0.19509035348892212	-0.9807852506637573	0.07237549126148224	0.6259584426879883	1.0	0	0.0	0	0.0	0	0.09754979610443115	0.09754984080791473	-0.9904384016990662	-0.9943068623542786	0.05242154747247696	-0.09276772290468216	0.04287083446979523	0.9938491582870483	0.1021081879734993
0.1950903832912445	7.549790126404332e-08	-0.9807852506637573	0.03377426415681839	0.5875574946403503	1.0	0	0.0	0	0.0	0	0.09754979610443115	0.09754984080791473	-0.9904384016990662	-0.9943068623542786	0.05242154747247696	-0.09276772290468216	0.04287083446979523	0.9938491582870483	0.1021081879734993
0.0	7.549790126404332e-08	-1.0	0.07120971381664276	0.5854202508926392	1.0	0	0.0	0	0.0	0	0.09754979610443115	0.09754984080791473	-0.9904384016990662	-0.9943068623542786	0.05242155119776726	-0.09276772290468216	0.042870838195085526	0.9938491582870483	0.1021081879734993
-0.19509045779705048	0.9807852506637573	3.117347660008818e-07	0.44791004061698914	0.8214461803436279	1.0	0	0.0	0	0.0	0	0.9264590740203857	-0.3651651442050934	-0.0912579894065857	0.017070678994059563	0.2829669415950775	-0.9589777588844299	0.3760082423686981	0.8868958353996277	0.2683908939361572
-0.02874019742012024	1.3999075889587402	0.011701565235853195	0.4678569734096527	0.734723687171936	1.0	0	0.0	0	0.0	0	0.9264590740203857	-0.3651651442050934	-0.0912579894065857	0.017070678994059563	0.2829669415950775	-0.9589777588844299	0.3760082423686981	0.8868958353996277	0.2683908939361572
-0.028630346059799194	1.3999075889587402	0.012816785834729671	0.46763625741004944	0.7346561551094055	1.0	0	0.0	0	0.0	0	0.9264590740203857	-0.3651651442050934	-0.0912579894065857	0.017070680856704712	0.2829669713973999	-0.9589778184890747	0.37600821256637573	0.8868957757949829	0.2683908939361572
0.19134175777435303	-0.9807853102684021	0.03806055337190628	0.6160523295402527	0.9840196967124939	1.0	0	0.0	0	0.0	0	-0.7868883013725281	0.5690624117851257	-0.23869387805461884	0.31220269203186035	0.03347004950046539	-0.9494257569313049	-0.5322933793067932	-0.8216128945350647	-0.20400001108646393
-0.011294320225715637	-1.2771878242492676	-0.0005644932389259338	0.6420716047286987	0.924966037273407	1.0	0	0.0	0	0.0	0	-0.7868883013725281	0.5690624117851257	-0.23869387805461884	0.31220269203186035	0.0334700383245945	-0.9494256973266602	-0.5322933793067932	-0.8216128349304199	-0.20399999618530273
-0.011718347668647766	-1.2771878242492676	0.0008333735167980194	0.6418513059616089	0.9249758124351501	1.0	0	0.0	0	0.0	0	-0.7868883013725281	0.5690624117851257	-0.23869387805461884	0.31220272183418274	0.033470042049884796	-0.9494257569313049	-0.532293438911438	-0.8216128945350647	-0.20400001108646393
0.0	7.549790126404332e-08	-1.0	0.07120971381664276	0.5854202508926392	1.0	0	0.0	0	0.0	0	0.09754985570907593	-0.09754954278469086	-0.9904383420944214	-0.9932156801223755	0.05375315248966217	-0.10311761498451233	0.06329825520515442	0.9937779903411865	-0.09164411574602127
0.19134178757667542	-0.19509020447731018	-0.9619397521018982	0.03555036336183548	0.548025906085968	1.0	0	0.0	0	0.0	0	0.09754985570907593	-0.09754954278469086	-0.9904383420944214	-0.9932156205177307	0.053753141313791275	-0.10311760008335114	0.06329824775457382	0.9937779307365417	-0.09164412319660187
0.0	-0.19509020447731018	-0.9807853102684021	0.07226650416851044	0.5459297299385071	1.0	0	0.0	0	0.0	0	0.09754985570907593	-0.09754954278469086	-0.9904383420944214	-0.9932156801223755	0.05375315248966217	-0.10311760753393173	0.06329825520515442	0.9937779903411865	-0.09164412319660187
0.0	0.9807852506637573	-0.19509032368659973	0.787833034992218	0.1047946885228157	1.0	0	0.0	0	0.0	0	0.028578845784068108	0.9565495252609253	-0.29016607999801636	-0.949032723903656	0.11711657047271729	0.29261013865470886	0.3138793110847473	0.26701459288597107	0.9111437201499939
0.07465790957212448	0.9238795042037964	-0.3753302991390228	0.7623612880706787	0.07404403388500214	1.0	0	0.0	0	0.0	0	0.028578845784068108	0.9565495252609253	-0.29016607999801636	-0.949032723903656	0.11711657792329788	0.29261013865470886	0.3138793408870697	0.26701462268829346	0.9111438393592834
0.0	0.9238795042037964	-0.3826834559440613	0.7766303420066833	0.0681036114692688	1.0	0	0.0	0	0.0	0	0.028578845784068108	0.9565495252609253	-0.29016607999801636	-0.949032723903656	0.11711657792329788	0.29261013865470886	0.3138793408870697	0.26701462268829346	0.9111438393592834
0.0	-0.19509020447731018	-0.9807853102684021	0.07226650416851044	0.5459297299385071	1.0	0	0.0	0	0.0	0	0.09383179247379303	-0.2890065014362335	-0.952717661857605	-0.9918954372406006	0.05520559102296829	-0.11443694680929184	0.08566836267709732	0.9557340145111084	-0.2814841568470001
0.18024002015590668	-0.38268327713012695	-0.9061274528503418	0.04091939702630043	0.5109790563583374	1.0	0	0.0	0	0.0	0	0.09383179247379303	-0.2890065014362335	-0.952717661857605	-0.9918954372406006	0.05520559474825859	-0.11443694680929184	0.08566836267709732	0.9557340145111084	-0.2814841568470001
6.356849979738399e-08	-0.38268327713012695	-0.9238790273666382	0.07550526410341263	0.5090044736862183	1.0	0	0.0	0	0.0	0	0.09383179247379303	-0.2890065014362335	-0.952717661857605	-0.9918954372406006	0.05520559102296829	-0.11443694680929184	0.08566836267709732	0.9557340145111084	-0.2814841568470001
0.0	0.8314695954322815	-0.5555702447891235	0.7663110494613647	0.03460819274187088	1.0	0	0.0	0	0.0	0	0.04637858644127846	0.8809723258018494	-0.47088947892189026	-0.9342695474624634	0.20509134232997894	0.2916814088821411	0.3535385727882385	0.42640987038612366	0.8325773477554321
0.07465790957212448	0.9238795042037964	-0.3753302991390228	0.7623612880706787	0.07404403388500214	1.0	0	0.0	0	0.0	0	0.04637858644127846	0.8809723258018494	-0.47088947892189026	-0.9342694878578186	0.20509134232997894	0.2916814088821411	0.3535386025905609	0.42640990018844604	0.8325774073600769
0.10838644951581955	0.8314695954322815	-0.5448951125144958	0.7455955743789673	0.043232355266809464	1.0	0	0.0	0	0.0	0	0.04637858644127846	0.8809723258018494	-0.47088947892189026	-0.9342694878578186	0.20509134232997894	0.2916814088821411	0.3535386025905609	0.42640990018844604	0.8325774073600769
0.18024002015590668	-0.38268327713012695	-0.9061274528503418	0.04091939702630043	0.5109790563583374	1.0	0	0.0	0	0.0	0	0.27789780497550964	-0.2890036106109619	-0.9161057472229004	-0.946637749671936	0.07967761904001236	-0.31229549646377563	0.16324765980243683	0.9540064930915833	-0.25143948197364807
0.37533038854599	-0.19509020447731018	-0.9061273336410522	0.0024250627029687166	0.5510690808296204	1.0	0	0.0	0	0.0	0	0.27789780497550964	-0.2890036106109619	-0.9161057472229004	-0.946637749671936	0.07967761158943176	-0.31229549646377563	0.16324763000011444	0.9540064930915833	-0.25143951177597046
0.35355350375175476	-0.38268327713012695	-0.8535533547401428	0.009716043248772621	0.5138456225395203	1.0	0	0.0	0	0.0	0	0.27789780497550964	-0.2890036106109619	-0.9161057472229004	-0.9466376900672913	0.07967761158943176	-0.31229546666145325	0.16324764490127563	0.954006552696228	-0.25143951177597046
0.07465790957212448	0.9238795042037964	-0.3753302991390228	0.7623612880706787	0.07404403388500214	1.0	0	0.0	0	0.0	0	0.1373535692691803	0.8809723258018494	-0.4527934789657593	-0.9123492240905762	0.2905149459838867	0.2884784936904907	0.3856848478317261	0.37348222732543945	0.8436576724052429
0.21260765194892883	0.8314695954322815	-0.513279914855957	0.726952075958252	0.0557527132332325	1.0	0	0.0	0	0.0	0	0.1373535692691803	0.8809723258018494	-0.4527934789657593	-0.912349283695221	0.29051491618156433	0.2884785234928131	0.3856848180294037	0.37348219752311707	0.8436576724052429
0.10838644951581955	0.8314695954322815	-0.5448951125144958	0.7455955743789673	0.043232355266809464	1.0	0	0.0	0	0.0	0	0.1373535692691803	0.8809723258018494	-0.4527934789657593	-0.912349283695221	0.29051491618156433	0.2884784936904907	0.3856847882270813	0.37348219752311707	0.8436576724052429
0.3181897699832916	-0.5555701851844788	-0.7681776881217957	0.6510531306266785	0.44907593727111816	1.0	0	0.0	0	0.0	0	0.9759243130683899	-0.10529963672161102	0.191007599234581	0.11780626326799393	0.9914947152137756	-0.05531700327992439	-0.1835581362247467	0.07648708671331406	0.9800286293029785
0.40484994649887085	-0.7158803939819336	-1.2993313074111938	0.6142070889472961	0.35822629928588867	1.0	0	0.0	0	0.0	0	0.9759243130683899	-0.10529963672161102	0.191007599234581	0.11780626326799393	0.9914947152137756	-0.05531700327992439	-0.1835581362247467	0.07648708671331406	0.9800286293029785
0.35355350375175476	-0.38268327713012695	-0.8535533547401428	0.6857345104217529	0.436337411403656	1.0	0	0.0	0	0.0	0	0.9759243130683899	-0.10529963672161102	0.191007599234581	0.11780626326799393	0.9914947152137756	-0.05531700700521469	-0.1835581362247467	0.07648709416389465	0.9800286293029785
0.10838644951581955	0.8314695954322815	-0.5448951125144958	0.7455955743789673	0.043232355266809464	1.0	0	0.0	0	0.0	0	0.18468573689460754	0.7715058922767639	-0.6088266968727112	-0.8609622716903687	0.4257548153400421	0.2783466577529907	0.47395700216293335	0.47277018427848816	0.7428682446479797
0.2705981731414795	0.7071067690849304	-0.6532813906669617	0.7071773409843445	0.032507527619600296	1.0	0	0.0	0	0.0	0	0.18468573689460754	0.7715058922767639	-0.6088266968727112	-0.8609622120857239	0.4257548451423645	0.2783466875553131	0.47395700216293335	0.4727701246738434	0.7428682446479797
0.13794974982738495	0.7071067690849304	-0.6935198903083801	0.7309060096740723	0.016572151333093643	1.0	0	0.0	0	0.0	0	0.18468573689460754	0.7715058922767639	-0.6088266968727112	-0.8609622716903687	0.4257548749446869	0.2783466875553131	0.4739570617675781	0.47277018427848816	0.7428682446479797
0.13794974982738495	-0.7071067690849304	-0.6935198903083801	0.3853844106197357	0.6313391327857971	1.0	0	0.0	0	0.0	0	0.22482837736606598	-0.6325626373291016	-0.7411590814590454	-0.83299720287323	-0.5194054841995239	0.1906137317419052	-0.505537211894989	0.5745280981063843	-0.6437000036239624
0.3181897699832916	-0.5555701851844788	-0.7681776881217957	0.3454042971134186	0.638835072517395	1.0	0	0.0	0	0.0	0	0.22482837736606598	-0.6325626373291016	-0.7411590814590454	-0.8329973220825195	-0.5194054841995239	0.1906137317419052	-0.5055371522903442	0.5745280981063843	-0.6437000036239624
0.2705981731414795	-0.7071067690849304	-0.6532813906669617	0.3616497814655304	0.615502655506134	1.0	0	0.0	0	0.0	0	0.22482837736606598	-0.6325626373291016	-0.7411590814590454	-0.83299720287323	-0.5194054841995239	0.1906137764453888	-0.505537211894989	0.5745280385017395	-0.6436999440193176
0.13794974982738495	0.7071067690849304	-0.6935198903083801	0.06187587231397629	0.7399489879608154	1.0	0	0.0	0	0.0	0	0.22482842206954956	0.6325626373291016	-0.7411590218544006	-0.969648003578186	0.07022632658481598	-0.2342032939195633	-0.0960993692278862	0.7713188529014587	0.6291518807411194
0.3181897699832916	0.5555701851844788	-0.7681776881217957	0.02190316654741764	0.7083230018615723	1.0	0	0.0	0	0.0	0	0.22482842206954956	0.6325626373291016	-0.7411590218544006	-0.969648003578186	0.07022634148597717	-0.2342032790184021	-0.0960993617773056	0.7713189125061035	0.6291519403457642
0.16221174597740173	0.5555701851844788	-0.8154931664466858	0.04998541623353958	0.705743134021759	1.0	0	0.0	0	0.0	0	0.22482842206954956	0.6325626373291016	-0.7411590218544006	-0.969648003578186	0.07022633403539658	-0.2342032790184021	-0.0960993617773056	0.7713189125061035	0.6291519403457642
0.13794974982738495	-0.7071067690849304	-0.6935198903083801	0.3853844106197357	0.6313391327857971	1.0	0	0.0	0	0.0	0	0.1846858263015747	-0.7715058922767639	-0.6088266968727112	-0.8928859829902649	-0.39056968688964844	0.22407594323158264	-0.4106651544570923	0.5022292137145996	-0.7609994411468506
0.21260762214660645	-0.8314696550369263	-0.5132798552513123	0.38144057989120483	0.5884831547737122	1.0	0	0.0	0	0.0	0	0.1846858263015747	-0.7715058922767639	-0.6088266968727112	-0.8928859829902649	-0.3905697166919708	0.22407594323158264	-0.4106651246547699	0.5022291541099548	-0.7609993815422058
0.10838643461465836	-0.8314696550369263	-0.5448950529098511	0.4000887870788574	0.600925862789154	1.0	0	0.0	0	0.0	0	0.1846858263015747	-0.7715058922767639	-0.6088266968727112	-0.8928859829902649	-0.39056968688964844	0.22407594323158264	-0.4106651544570923	0.5022292137145996	-0.7609994411468506
0.3535534739494324	0.3826834261417389	-0.853553295135498	0.11697443574666977	0.9614295363426208	1.0	0	0.0	0	0.0	0	0.17545925080776215	-0.7966498732566833	-0.5784142017364502	0.9569373726844788	-8.645713023724966e-06	0.2902943789958954	-0.2312679886817932	-0.6044410467147827	0.7623425722122192
0.38007447123527527	0.7070088386535645	-1.2922016382217407	0.09239176660776138	0.8669689297676086	1.0	0	0.0	0	0.0	0	0.17545925080776215	-0.7966498732566833	-0.5784142017364502	0.9569374322891235	-8.633842298877425e-06	0.2902944087982178	-0.2312679886817932	-0.6044410467147827	0.7623425722122192
0.401888906955719	0.7070088386535645	-1.2855843305587769	0.09707570821046829	0.8669688701629639	1.0	0	0.0	0	0.0	0	0.17545925080776215	-0.7966498732566833	-0.5784142017364502	0.9569374322891235	-8.645713023724966e-06	0.2902944087982178	-0.2312680035829544	-0.6044410467147827	0.7623425722122192
0.10838643461465836	-0.8314696550369263	-0.5448950529098511	0.4000887870788574	0.600925862789154	1.0	0	0.0	0	0.0	0	0.13735331594944	-0.8809722661972046	-0.4527934491634369	-0.9292406439781189	-0.2728968560695648	0.24907664954662323	-0.3429955840110779	0.38654258847236633	-0.8561185598373413
0.14644667506217957	-0.9238796234130859	-0.35355323553085327	0.4040162265300751	0.5588149428367615	1.0	0	0.0	0	0.0	0	0.13735331594944	-0.8809722661972046	-0.4527934491634369	-0.9292406439781189	-0.2728968560695648	0.24907664954662323	-0.3429955244064331	0.38654255867004395	-0.8561185002326965
0.0746578723192215	-0.9238796234130859	-0.3753301203250885	0.41686129570007324	0.5673856139183044	1.0	0	0.0	0	0.0	0	0.13735331594944	-0.8809722661972046	-0.4527934491634369	-0.9292406439781189	-0.2728968560695648	0.24907664954662323	-0.3429955244064331	0.38654255867004395	-0.8561185002326965
0.18024000525474548	0.3826834261417389	-0.906127393245697	0.041133202612400055	0.6679610013961792	1.0	0	0.0	0	0.0	0	0.2778977155685425	0.289003849029541	-0.9161056280136108	-0.960565447807312	0.07434358447790146	-0.2679312527179718	-0.00932658463716507	0.9544368982315063	0.29826703667640686
0.37533038854599	0.19509035348892212	-0.9061273336410522	0.002534042112529278	0.6310977935791016	1.0	0	0.0	0	0.0	0	0.2778977155685425	0.289003849029541	-0.9161056280136108	-0.9605653882026672	0.07434358447790146	-0.2679312527179718	-0.00932658463716507	0.9544369578361511	0.29826703667640686
0.19134177267551422	0.19509035348892212	-0.9619396924972534	0.03565935790538788	0.6280546188354492	1.0	0	0.0	0	0.0	0	0.2778977155685425	0.289003849029541	-0.9161056280136108	-0.9605653285980225	0.07434358447790146	-0.2679312527179718	-0.009326583705842495	0.9544368982315063	0.29826703667640686
0.0746578723192215	-0.9238796234130859	-0.3753301203250885	0.41686129570007324	0.5673856139183044	1.0	0	0.0	0	0.0	0	0.08463823050260544	-0.9565495848655701	-0.27901479601860046	-0.9495447874069214	-0.16229955852031708	0.2683720588684082	-0.3019951581954956	0.24222250282764435	-0.9220234155654907
0.0746578648686409	-0.9807853102684021	-0.1802397072315216	0.42850905656814575	0.5276381969451904	1.0	0	0.0	0	0.0	0	0.08463823050260544	-0.9565495848655701	-0.27901479601860046	-0.9495448470115662	-0.16229955852031708	0.2683720886707306	-0.301995187997818	0.24222253262996674	-0.9220234751701355
0.038060251623392105	-0.9807853102684021	-0.19134147465229034	0.4350574314594269	0.5320074558258057	1.0	0	0.0	0	0.0	0	0.08463823050260544	-0.9565495848655701	-0.27901479601860046	-0.9495448470115662	-0.16229955852031708	0.2683720886707306	-0.301995187997818	0.24222253262996674	-0.9220234751701355
0.19134177267551422	0.19509035348892212	-0.9619396924972534	0.03565935790538788	0.6280546188354492	1.0	0	0.0	0	0.0	0	0.2889004051685333	0.0975499227643013	-0.9523763060569763	-0.9563047885894775	0.07608122378587723	-0.2822992503643036	0.044919680804014206	0.9923182725906372	0.11526734381914139
0.38268354535102844	7.549790126404332e-08	-0.9238794445991516	0.0	0.5906602740287781	1.0	0	0.0	0	0.0	0	0.2889004051685333	0.0975499227643013	-0.9523763060569763	-0.9563047289848328	0.07608121633529663	-0.2822992503643036	0.04491967707872391	0.992318332195282	0.11526735126972198
0.1950903832912445	7.549790126404332e-08	-0.9807852506637573	0.03377426415681839	0.5875574946403503	1.0	0	0.0	0	0.0	0	0.2889004051685333	0.0975499227643013	-0.9523763060569763	-0.9563047885894775	0.07608121633529663	-0.2822992503643036	0.04491967335343361	0.9923182725906372	0.11526733636856079
0.10838649421930313	0.9807852506637573	0.16221219301223755	0.3171631097793579	0.8171970844268799	1.0	0	0.0	0	0.0	0	-0.5662493705749512	-0.4508916735649109	-0.6899698972702026	-0.7601236701011658	-0.03801410645246506	0.6486656069755554	-0.3187064528465271	0.8917688727378845	-0.3212078809738159
-0.038388922810554504	1.3999075889587402	0.00877465307712555	0.3377361595630646	0.7345161437988281	1.0	0	0.0	0	0.0	0	-0.5662493705749512	-0.4508916735649109	-0.6899698972702026	-0.760123610496521	-0.038014087826013565	0.6486656069755554	-0.3187064528465271	0.8917688131332397	-0.3212079107761383
-0.03752267360687256	1.3999075889587402	0.008063733577728271	0.3375245928764343	0.7345245480537415	1.0	0	0.0	0	0.0	0	-0.5662493705749512	-0.4508916735649109	-0.6899698972702026	-0.7601236701011658	-0.03801408037543297	0.6486656069755554	-0.3187064528465271	0.8917688727378845	-0.3212079107761383
-0.07465779036283493	-0.9807853102684021	-0.18023957312107086	0.32091882824897766	0.9914795756340027	1.0	0	0.0	0	0.0	0	0.23969875276088715	0.564063310623169	0.7901753187179565	-0.9569398760795593	1.778089568915675e-07	0.29028645157814026	0.16373980045318604	-0.8257315754890442	0.5397747159004211
-0.002956211566925049	-1.2771878242492676	0.009595513343811035	0.31764811277389526	0.9364537596702576	1.0	0	0.0	0	0.0	0	0.23969875276088715	0.564063310623169	0.7901753187179565	-0.9569398164749146	1.6099784261314198e-07	0.29028645157814026	0.16373980045318604	-0.8257315158843994	0.5397747159004211
-0.0015583410859107971	-1.2771878242492676	0.009171470999717712	0.31734737753868103	0.9364537596702576	1.0	0	0.0	0	0.0	0	0.23969875276088715	0.564063310623169	0.7901753187179565	-0.9569398760795593	1.694034068577821e-07	0.29028645157814026	0.16373980045318604	-0.8257315754890442	0.5397747159004211
0.19134178757667542	-0.19509020447731018	-0.9619397521018982	0.03555036336183548	0.548025906085968	1.0	0	0.0	0	0.0	0	0.2889006435871124	-0.09754981845617294	-0.9523762464523315	-0.9517967700958252	0.07781322300434113	-0.29669511318206787	0.10305002331733704	0.992184042930603	-0.07036730647087097
0.38268354535102844	7.549790126404332e-08	-0.9238794445991516	0.0	0.5906602740287781	1.0	0	0.0	0	0.0	0	0.2889006435871124	-0.09754981845617294	-0.9523762464523315	-0.95179682970047	0.07781323045492172	-0.29669511318206787	0.10305003821849823	0.9921841025352478	-0.07036731392145157
0.37533038854599	-0.19509020447731018	-0.9061273336410522	0.0024250627029687166	0.5510690808296204	1.0	0	0.0	0	0.0	0	0.2889006435871124	-0.09754981845617294	-0.9523762464523315	-0.9517967700958252	0.07781322300434113	-0.29669511318206787	0.10305002331733704	0.992184042930603	-0.07036730647087097
0.03806029632687569	0.9807852506637573	-0.19134171307086945	0.780558705329895	0.10782309621572495	1.0	0	0.0	0	0.0	0	0.08463826030492783	0.9565495252609253	-0.2790151834487915	-0.9413370490074158	0.16856800019741058	0.29235148429870605	0.3266816735267639	0.2379031777381897	0.9147027134895325
0.14644673466682434	0.9238795042037964	-0.3535534143447876	0.749519407749176	0.08266819268465042	1.0	0	0.0	0	0.0	0	0.08463826030492783	0.9565495252609253	-0.2790151834487915	-0.9413370490074158	0.16856800019741058	0.29235148429870605	0.3266816735267639	0.2379031777381897	0.9147027134895325
0.07465790957212448	0.9238795042037964	-0.3753302991390228	0.7623612880706787	0.07404403388500214	1.0	0	0.0	0	0.0	0	0.08463826030492783	0.9565495252609253	-0.2790151834487915	-0.9413370490074158	0.16856800019741058	0.29235148429870605	0.3266816735267639	0.2379031777381897	0.9147027134895325
0.21260762214660645	-0.8314696550369263	-0.5132798552513123	0.38144057989120483	0.5884831547737122	1.0	0	0.0	0	0.0	0	0.22304986417293549	-0.8809722065925598	-0.4172969162464142	-0.9099360704421997	-0.3417178690433502	0.23504330217838287	-0.3496644198894501	0.32728713750839233	-0.8778485059738159
0.21260762214660645	-0.9238796234130859	-0.31818947196006775	0.3930909037590027	0.5479046702384949	1.0	0	0.0	0	0.0	0	0.22304986417293549	-0.8809722065925598	-0.4172969162464142	-0.9099360108375549	-0.34171783924102783	0.2350432425737381	-0.3496643900871277	0.3272871673107147	-0.8778485655784607
0.14644667506217957	-0.9238796234130859	-0.35355323553085327	0.4040162265300751	0.5588149428367615	1.0	0	0.0	0	0.0	0	0.22304986417293549	-0.8809722065925598	-0.4172969162464142	-0.9099359512329102	-0.3417178690433502	0.2350432574748993	-0.3496644198894501	0.32728710770606995	-0.8778484463691711
0.37533038854599	0.19509035348892212	-0.9061273336410522	0.8039591312408447	0.42828941345214844	1.0	0	0.0	0	0.0	0	0.45128145813941956	0.28900378942489624	-0.8442878127098083	-0.3114185929298401	0.9376294016838074	0.15449829399585724	0.836279571056366	0.19320470094680786	0.5131358504295349
0.5132800936698914	0.3826834261417389	-0.7681776285171509	0.8418395519256592	0.4664204716682434	1.0	0	0.0	0	0.0	0	0.45128145813941956	0.28900378942489624	-0.8442878127098083	-0.3114185929298401	0.9376293420791626	0.15449824929237366	0.836279571056366	0.19320473074913025	0.5131359100341797
0.5448952317237854	0.19509035348892212	-0.8154929876327515	0.8026852011680603	0.4605765640735626	1.0	0	0.0	0	0.0	0	0.45128145813941956	0.28900378942489624	-0.8442878127098083	-0.3114185631275177	0.9376292824745178	0.15449827909469604	0.836279571056366	0.19320470094680786	0.5131358504295349
0.14644667506217957	-0.9238796234130859	-0.35355323553085327	0.4040162265300751	0.5588149428367615	1.0	0	0.0	0	0.0	0	0.1374448984861374	-0.9565495848655701	-0.2571415305137634	-0.9430875182151794	-0.20574252307415009	0.2612583041191101	-0.30281147360801697	0.20659834146499634	-0.9303882718086243
0.10838641971349716	-0.9807853102684021	-0.16221143305301666	0.42293938994407654	0.5220761299133301	1.0	0	0.0	0	0.0	0	0.1374448984861374	-0.9565495848655701	-0.2571415305137634	-0.9430875182151794	-0.20574252307415009	0.2612583339214325	-0.30281153321266174	0.20659837126731873	-0.930388331413269
0.0746578648686409	-0.9807853102684021	-0.1802397072315216	0.42850905656814575	0.5276381969451904	1.0	0	0.0	0	0.0	0	0.1374448984861374	-0.9565495848655701	-0.2571415305137634	-0.9430875182151794	-0.20574253797531128	0.2612583339214325	-0.30281153321266174	0.20659837126731873	-0.930388331413269
0.37533038854599	0.19509035348892212	-0.9061273336410522	0.8039591312408447	0.42828941345214844	1.0	0	0.0	0	0.0	0	0.46914851665496826	0.09754981100559235	-0.8777151107788086	-0.10555648058652878	0.9929495453834534	0.05393592640757561	0.8767881393432617	0.0673445537686348	0.47613775730133057
0.5555704236030579	7.549790126404332e-08	-0.8314694762229919	0.7623863816261292	0.4586602449417114	1.0	0	0.0	0	0.0	0	0.46914851665496826	0.09754981100559235	-0.8777151107788086	-0.10555648803710938	0.9929495453834534	0.05393592268228531	0.8767881393432617	0.0673445537686348	0.47613775730133057
0.38268354535102844	7.549790126404332e-08	-0.9238794445991516	0.7636852860450745	0.4257405400276184	1.0	0	0.0	0	0.0	0	0.46914851665496826	0.09754981100559235	-0.8777151107788086	-0.10555649548768997	0.9929496049880981	0.05393592268228531	0.8767881989479065	0.06734456866979599	0.47613778710365295
0.16221193969249725	0.9807852506637573	-0.10838623344898224	0.39403003454208374	0.7397446632385254	1.0	0	0.0	0	0.0	0	-0.6745875477790833	-0.48830676078796387	0.5536136627197266	-0.7128183245658875	0.2359444499015808	-0.6604697108268738	0.19188976287841797	-0.840170681476593	-0.5072392225265503
-0.0383889377117157	1.3999075889587402	0.016858920454978943	0.4133794605731964	0.8272125720977783	1.0	0	0.0	0	0.0	0	-0.6745875477790833	-0.48830676078796387	0.5536136627197266	-0.7128183245658875	0.23594443500041962	-0.6604697704315186	0.19188977777957916	-0.8401706218719482	-0.5072391629219055
-0.03909984230995178	1.3999075889587402	0.015992671251296997	0.41359636187553406	0.8271542191505432	1.0	0	0.0	0	0.0	0	-0.6745875477790833	-0.48830676078796387	0.5536136627197266	-0.7128183245658875	0.235944464802742	-0.6604697704315186	0.19188977777957916	-0.8401706218719482	-0.5072392225265503
0.038060251623392105	-0.9807853102684021	-0.19134147465229034	0.4350574314594269	0.5320074558258057	1.0	0	0.0	0	0.0	0	-0.23872694373130798	0.5688977241516113	0.7869972586631775	-0.799134373664856	-0.5755326747894287	0.17362745106220245	0.5517189502716064	-0.5874670147895813	0.5920208692550659
-0.007261544466018677	-1.2771878242492676	0.009171485900878906	0.4559760093688965	0.4882897734642029	1.0	0	0.0	0	0.0	0	-0.23872694373130798	0.5688977241516113	0.7869972586631775	-0.799134373664856	-0.5755326747894287	0.17362745106220245	0.5517189502716064	-0.5874670147895813	0.5920208692550659
-0.0058636777102947235	-1.2771878242492676	0.009595513343811035	0.45572587847709656	0.4881229102611542	1.0	0	0.0	0	0.0	0	-0.23872694373130798	0.5688977241516113	0.7869972586631775	-0.7991344332695007	-0.5755326747894287	0.17362743616104126	0.5517189502716064	-0.5874670743942261	0.5920208692550659
0.38268354535102844	7.549790126404332e-08	-0.9238794445991516	0.7636852860450745	0.4257405400276184	1.0	0	0.0	0	0.0	0	0.4691486954689026	-0.09754981100559235	-0.8777149319648743	0.11002426594495773	0.9925934076309204	-0.05150824785232544	0.8762386441230774	-0.07240491360425949	0.4764067530632019
0.5448952317237854	-0.19509020447731018	-0.8154929876327515	0.7224917411804199	0.4607451856136322	1.0	0	0.0	0	0.0	0	0.4691486954689026	-0.09754981100559235	-0.8777149319648743	0.11002425849437714	0.9925934076309204	-0.05150825157761574	0.8762387037277222	-0.0724048987030983	0.4764067530632019
0.37533038854599	-0.19509020447731018	-0.9061273336410522	0.7237656712532043	0.428458034992218	1.0	0	0.0	0	0.0	0	0.4691486954689026	-0.09754981100559235	-0.8777149319648743	0.11002425849437714	0.9925934076309204	-0.05150825157761574	0.8762387037277222	-0.0724048987030983	0.4764067530632019
0.07465796172618866	0.9807852506637573	-0.1802399456501007	0.7740119695663452	0.11221965402364731	1.0	0	0.0	0	0.0	0	0.13744522631168365	0.9565495252609253	-0.2571418285369873	-0.9326969981193542	0.21237921714782715	0.2914985716342926	0.33344438672065735	0.19977033138275146	0.9213613867759705
0.2126077115535736	0.9238795042037964	-0.3181896209716797	0.7385981678962708	0.09364468604326248	1.0	0	0.0	0	0.0	0	0.13744522631168365	0.9565495252609253	-0.2571418285369873	-0.9326969981193542	0.21237920224666595	0.2914985418319702	0.33344435691833496	0.19977033138275146	0.9213613867759705
0.14644673466682434	0.9238795042037964	-0.3535534143447876	0.749519407749176	0.08266819268465042	1.0	0	0.0	0	0.0	0	0.13744522631168365	0.9565495252609253	-0.2571418285369873	-0.9326969981193542	0.21237920224666595	0.2914985418319702	0.33344435691833496	0.19977033138275146	0.9213613867759705
0.37533038854599	-0.19509020447731018	-0.9061273336410522	0.7237656712532043	0.428458034992218	1.0	0	0.0	0	0.0	0	0.4512813985347748	-0.2890036106109619	-0.8442878127098083	0.3153643012046814	0.9367064833641052	-0.15207315981388092	0.8347996473312378	-0.19763045012950897	0.5138596296310425
0.5132800936698914	-0.38268327713012695	-0.7681776881217957	0.6845344305038452	0.46675121784210205	1.0	0	0.0	0	0.0	0	0.4512813985347748	-0.2890036106109619	-0.8442878127098083	0.3153643310070038	0.93670654296875	-0.15207314491271973	0.8347996473312378	-0.19763047993183136	0.5138596892356873
0.35355350375175476	-0.38268327713012695	-0.8535533547401428	0.6857345104217529	0.436337411403656	1.0	0	0.0	0	0.0	0	0.4512813985347748	-0.2890036106109619	-0.8442878127098083	0.3153643012046814	0.9367066025733948	-0.15207314491271973	0.8347996473312378	-0.19763046503067017	0.5138596892356873
0.14644673466682434	0.9238795042037964	-0.3535534143447876	0.749519407749176	0.08266819268465042	1.0	0	0.0	0	0.0	0	0.22304987907409668	0.8809722065925598	-0.4172969460487366	-0.8887940049171448	0.3596119284629822	0.28412070870399475	0.4003674387931824	0.3075179159641266	0.8632142543792725
0.3086584508419037	0.8314695954322815	-0.4619396924972534	0.7110969424247742	0.07168809324502945	1.0	0	0.0	0	0.0	0	0.22304987907409668	0.8809722065925598	-0.4172969460487366	-0.8887940049171448	0.3596119284629822	0.28412070870399475	0.4003673791885376	0.307517945766449	0.8632141947746277
0.21260765194892883	0.8314695954322815	-0.513279914855957	0.726952075958252	0.0557527132332325	1.0	0	0.0	0	0.0	0	0.22304987907409668	0.8809722065925598	-0.4172969460487366	-0.8887940049171448	0.3596119284629822	0.28412070870399475	0.4003674387931824	0.3075179159641266	0.8632142543792725
0.3181897699832916	-0.5555701851844788	-0.7681776881217957	0.6510531306266785	0.44907593727111816	1.0	0	0.0	0	0.0	0	0.4161792993545532	-0.46962809562683105	-0.7786167860031128	0.4942547082901001	0.8355870246887207	-0.2398054599761963	0.7632214426994324	-0.2850329577922821	0.5798699259757996
0.5132800936698914	-0.38268327713012695	-0.7681776881217957	0.6845344305038452	0.46675121784210205	1.0	0	0.0	0	0.0	0	0.4161792993545532	-0.46962809562683105	-0.7786167860031128	0.4942546784877777	0.8355870246887207	-0.23980547487735748	0.7632214426994324	-0.28503289818763733	0.5798699259757996
0.4619399309158325	-0.5555701851844788	-0.6913416385650635	0.6499730944633484	0.4764476418495178	1.0	0	0.0	0	0.0	0	0.4161792993545532	-0.46962809562683105	-0.7786167860031128	0.4942546784877777	0.8355870246887207	-0.23980547487735748	0.7632214426994324	-0.28503289818763733	0.5798699259757996
0.21260765194892883	0.8314695954322815	-0.513279914855957	0.726952075958252	0.0557527132332325	1.0	0	0.0	0	0.0	0	0.2999129593372345	0.7715059518814087	-0.5610979795455933	-0.8159186244010925	0.5122121572494507	0.2681708335876465	0.4942965507507324	0.3773823380470276	0.7831050157546997
0.3928476572036743	0.7071067690849304	-0.5879377126693726	0.6869975328445435	0.05278940498828888	1.0	0	0.0	0	0.0	0	0.2999129593372345	0.7715059518814087	-0.5610979795455933	-0.8159186244010925	0.5122120976448059	0.2681708037853241	0.4942965507507324	0.37738242745399475	0.7831051349639893
0.2705981731414795	0.7071067690849304	-0.6532813906669617	0.7071773409843445	0.032507527619600296	1.0	0	0.0	0	0.0	0	0.2999129593372345	0.7715059518814087	-0.5610979795455933	-0.8159186244010925	0.5122121572494507	0.2681708335876465	0.4942965507507324	0.3773823380470276	0.7831050157546997
0.2705981731414795	-0.7071067690849304	-0.6532813906669617	0.3616497814655304	0.615502655506134	1.0	0	0.0	0	0.0	0	0.36510103940963745	-0.632562518119812	-0.6830562949180603	-0.7702726721763611	-0.6173244118690491	0.15997059643268585	-0.522858738899231	0.4677341878414154	-0.7126314043998718
0.4619399309158325	-0.5555701851844788	-0.6913416385650635	0.3216664791107178	0.6151298880577087	1.0	0	0.0	0	0.0	0	0.36510103940963745	-0.632562518119812	-0.6830562949180603	-0.7702727317810059	-0.6173244714736938	0.15997064113616943	-0.5228587985038757	0.4677341878414154	-0.7126314043998718
0.3928476572036743	-0.7071067690849304	-0.5879377126693726	0.3414624333381653	0.5953430533409119	1.0	0	0.0	0	0.0	0	0.36510103940963745	-0.632562518119812	-0.6830562949180603	-0.7702726721763611	-0.6173244118690491	0.15997061133384705	-0.522858738899231	0.4677341878414154	-0.7126314043998718
0.2705981731414795	0.7071067690849304	-0.6532813906669617	0.9117164611816406	0.46557286381721497	1.0	0	0.0	0	0.0	0	0.36510106921195984	0.6325625777244568	-0.6830561757087708	-0.6363266706466675	0.705122709274292	0.3128742575645447	0.6795510649681091	0.3204161822795868	0.6599575281143188
