384	128	5
0.9619864821434021	-0.6324036121368408	-0.8217883706092834	0.7875996232032776	0.5615532994270325	1.0	0	0.0	0	0.0	0	0.002840244909748435	-0.9997488856315613	0.022227033972740173	0.0006574592553079128	-0.02222525142133236	-0.9997527599334717	0.9999958276748657	0.00285415630787611	0.0005941690760664642
-0.9876547455787659	-0.6015481352806091	0.8151905536651611	0.6112416386604309	0.344892293214798	1.0	0	0.0	0	0.0	0	0.002840244909748435	-0.9997488856315613	0.022227033972740173	0.0006574593135155737	-0.02222525142133236	-0.9997528195381165	0.999995768070221	0.00285415630787611	0.0005941690760664642
-0.9723146557807922	-0.6380202174186707	-0.8272459506988525	0.7881972193717957	0.3464778661727905	1.0	0	0.0	0	0.0	0	0.002840244909748435	-0.9997488856315613	0.022227033972740173	0.000657459138892591	-0.02222525142133236	-0.9997527599334717	0.9999958276748657	0.00285415630787611	0.0005941689596511424
0.405358225107193	1.0	0.4649273157119751	0.06029047444462776	0.28859516978263855	0.5	3	0.5	0	0.0	0	0.17333005368709564	0.9826601147651672	0.06584706902503967	-0.002002461813390255	0.06721054762601852	-0.9977368116378784	-0.9848617911338806	0.17280592024326324	0.013617346994578838
0.3995422124862671	0.9639899134635925	1.0176286697387695	0.0006938244914636016	0.28936871886253357	0.5	3	0.5	0	0.0	0	0.17333005368709564	0.9826601147651672	0.06584706902503967	-0.0020024606492370367	0.06721055507659912	-0.9977368712425232	-0.9848617315292358	0.17280590534210205	0.013617346063256264
0.9381394982337952	0.8774047493934631	0.8920148015022278	0.013898273929953575	0.22917965054512024	0.5	3	0.5	0	0.0	0	0.17333005368709564	0.9826601147651672	0.06584706902503967	-0.002002460416406393	0.06721054762601852	-0.9977367520332336	-0.9848617315292358	0.17280590534210205	0.013617346063256264
0.9999995827674866	0.3529732823371887	1.0000003576278687	0.5009187459945679	0.5611295104026794	1.0	0	0.0	0	0.0	0	0.32522013783454895	-1.3321113101483206e-07	0.9456383585929871	-0.02712675742805004	-0.9995884895324707	0.009329184889793396	0.9452491998672485	-0.028686141595244408	-0.3250862956047058
2.9848928451538086	0.21851930022239685	0.31736382842063904	0.5138652324676514	0.784996509552002	1.0	2	0.0	0	0.0	0	0.32522013783454895	-1.3321113101483206e-07	0.9456383585929871	-0.02712675742805004	-0.9995885491371155	0.009329183958470821	0.9452492594718933	-0.028686141595244408	-0.3250863254070282
2.9848926067352295	0.48268911242485046	0.3173639476299286	0.4854789972305298	0.7841894030570984	1.0	2	0.0	0	0.0	0	0.32522013783454895	-1.3321113101483206e-07	0.9456383585929871	-0.02712675742805004	-0.9995884895324707	0.009329184889793396	0.9452491998672485	-0.028686141595244408	-0.3250862956047058
0.5505059957504272	-0.3446160852909088	1.0	0.5773308277130127	0.513319730758667	1.0	0	0.0	0	0.0	0	0.012361797504127026	-0.6315991878509521	0.7751964926719666	-0.04562310129404068	-0.7748046517372131	-0.6305524110794067	0.9988822937011719	-0.027572106570005417	-0.03839349001646042
-1.0000001192092896	-0.3749632239341736	0.9999997615814209	0.5856033563613892	0.34114372730255127	1.0	0	0.0	0	0.0	0	0.012361797504127026	-0.6315991878509521	0.7751964926719666	-0.04562309384346008	-0.7748046517372131	-0.630552351474762	0.9988822340965271	-0.02757210284471512	-0.03839349001646042
-0.9876547455787659	-0.6015481352806091	0.8151905536651611	0.6112415790557861	0.3439994752407074	1.0	0	0.0	0	0.0	0	0.012361797504127026	-0.6315991878509521	0.7751964926719666	-0.04562309756875038	-0.7748046517372131	-0.630552351474762	0.9988822340965271	-0.027572106570005417	-0.03839349001646042
-1.000000238418579	1.0	0.4494718909263611	0.06246811896562576	0.4448523223400116	1.0	0	0.0	0	0.0	0	-0.07519464939832687	0.9971688389778137	-1.0674162886914473e-08	-0.0038196248933672905	-0.0002880415413528681	-0.9999927282333374	-0.9971615672111511	-0.0751940980553627	0.003830469911918044
-1.0000001192092896	1.0	-0.39030367136001587	0.1529393196105957	0.44450199604034424	1.0	0	0.0	0	0.0	0	-0.07519464939832687	0.9971688389778137	-1.0674162886914473e-08	-0.003819624427706003	-0.0002880415122490376	-0.9999926686286926	-0.9971615076065063	-0.0751940980553627	0.0038304694462567568
-2.135453462600708	0.9143775701522827	-0.6843142509460449	0.19682437181472778	0.5683842301368713	0.5	1	0.5	0	0.0	0	-0.07519464939832687	0.9971688389778137	-1.0674162886914473e-08	-0.003819624660536647	-0.0002880415122490376	-0.9999926686286926	-0.9971615076065063	-0.0751940980553627	0.0038304696790874004
-0.9999998807907104	0.416042685508728	-1.0000001192092896	0.34317582845687866	0.3353266716003418	1.0	0	0.0	0	0.0	0	-0.0034395086113363504	0.008318277075886726	-0.9999595284461975	0.06112934276461601	0.9980971217155457	0.00809252168983221	0.9981240034103394	-0.061099033802747726	-0.003941454458981752
-0.9853056073188782	1.0129835605621338	-0.9950849413871765	0.40704137086868286	0.3329019248485565	1.0	0	0.0	0	0.0	0	-0.0034395086113363504	0.008318277075886726	-0.9999595284461975	0.06112934648990631	0.9980970621109009	0.008092520758509636	0.9981239438056946	-0.061099037528038025	-0.003941454458981752
0.4121326804161072	1.0	-0.9999996423721313	0.41562288999557495	0.48795440793037415	0.5	3	0.5	0	0.0	0	-0.0034395086113363504	0.008318277075886726	-0.9999595284461975	0.06112934648990631	0.9980971217155457	0.00809252168983221	0.9981240034103394	-0.061099037528038025	-0.003941454458981752
-2.135453462600708	0.9143775701522827	-0.6843142509460449	0.19682437181472778	0.5683842301368713	0.5	1	0.5	0	0.0	0	0.1382337510585785	0.9898902773857117	0.031762152910232544	-0.07563506811857224	0.042527616024017334	-0.9962282776832581	-0.9875073432922363	0.13531002402305603	0.08074916154146194
-2.914283037185669	0.9751365184783936	0.8116750121116638	0.024178599938750267	0.6579180359840393	1.0	1	0.0	0	0.0	0	0.1382337510585785	0.9898902773857117	0.031762152910232544	-0.07563506811857224	0.042527616024017334	-0.9962283372879028	-0.9875074028968811	0.13531002402305603	0.08074916154146194
-2.1869561672210693	0.8762379288673401	0.7284826040267944	0.027270447462797165	0.5843127965927124	0.5	1	0.5	0	0.0	0	0.1382337510585785	0.9898902773857117	0.031762152910232544	-0.07563506811857224	0.042527616024017334	-0.9962283372879028	-0.9875074028968811	0.13531002402305603	0.08074916154146194
-2.142885208129883	-0.23642976582050323	-0.3416004776954651	0.25782671570777893	0.21629001200199127	0.5	1	0.5	0	0.0	0	-0.364072322845459	-0.26366719603538513	-0.8932697772979736	0.06227698549628258	0.9500534534454346	-0.30581051111221313	0.9292862415313721	-0.16696728765964508	-0.3294677734375
-2.135453462600708	0.9143775701522827	-0.6843142509460449	0.38682517409324646	0.20893162488937378	0.5	1	0.5	0	0.0	0	-0.364072322845459	-0.26366719603538513	-0.8932697772979736	0.06227698549628258	0.9500534534454346	-0.30581051111221313	0.9292862415313721	-0.16696728765964508	-0.3294677734375
-0.9999998807907104	0.416042685508728	-1.0000001192092896	0.34317582845687866	0.3353266716003418	1.0	0	0.0	0	0.0	0	-0.364072322845459	-0.26366719603538513	-0.8932697772979736	0.06227698549628258	0.9500534534454346	-0.30581051111221313	0.9292862415313721	-0.16696728765964508	-0.3294677734375
-0.9876547455787659	-0.6015481352806091	0.8151905536651611	0.6112416386604309	0.344892293214798	1.0	0	0.0	0	0.0	0	-0.31773266196250916	-0.9480078816413879	0.01808396354317665	0.0005697907763533294	-0.01926317811012268	-0.9998143315315247	0.9481801986694336	-0.31766337156295776	0.006660706829279661
-2.142885208129883	-0.23642976582050323	-0.3416004776954651	0.7359522581100464	0.21765416860580444	0.5	1	0.5	0	0.0	0	-0.31773266196250916	-0.9480078816413879	0.01808396354317665	0.0005697914166375995	-0.01926317997276783	-0.9998143315315247	0.9481801986694336	-0.31766337156295776	0.006660708226263523
-0.9723146557807922	-0.6380202174186707	-0.8272459506988525	0.7881972193717957	0.3464778661727905	1.0	0	0.0	0	0.0	0	-0.31773266196250916	-0.9480078816413879	0.01808396354317665	0.0005697914166375995	-0.01926317997276783	-0.9998143315315247	0.9481801986694336	-0.3176633417606354	0.006660708226263523
-1.000000238418579	0.3311418294906616	0.9999997019767761	0.5097291469573975	0.3389866054058075	1.0	0	0.0	0	0.0	0	-0.33203762769699097	-0.2733260691165924	0.9027978777885437	-0.09225333482027054	-0.9430993795394897	-0.31945711374282837	0.938744068145752	-0.1893579065799713	0.2879292368888855
-2.1869561672210693	0.8762379288673401	0.7284826040267944	0.45530855655670166	0.19869542121887207	0.5	1	0.5	0	0.0	0	-0.33203762769699097	-0.2733260691165924	0.9027978777885437	-0.09225334972143173	-0.9430993795394897	-0.31945711374282837	0.938744068145752	-0.1893579065799713	0.2879292368888855
-2.119033098220825	-0.26633358001708984	0.407545268535614	0.5818127989768982	0.2190205156803131	0.5	1	0.5	0	0.0	0	-0.33203762769699097	-0.2733260691165924	0.9027978777885437	-0.09225333482027054	-0.9430994391441345	-0.31945714354515076	0.9387440085411072	-0.18935789167881012	0.2879292368888855
-2.959171772003174	0.9443292617797852	-0.9347484111785889	0.38501256704330444	0.11475085467100143	1.0	1	0.0	0	0.0	0	-0.5584229826927185	-3.3024144840965164e-07	-0.8295562863349915	0.06333187222480774	0.9970815777778625	-0.04263279214501381	0.8271353244781494	-0.07634449005126953	-0.5567932724952698
-3.821857452392578	1.096246361732483	-0.35402411222457886	0.3885294795036316	0.020909788087010384	1.0	1	0.0	0	0.0	0	-0.5584229826927185	-3.3024144840965164e-07	-0.8295562863349915	0.06333187222480774	0.9970815777778625	-0.04263279214501381	0.8271353244781494	-0.07634449005126953	-0.5567932724952698
-3.8218576908111572	1.3496761322021484	-0.3540240526199341	0.41562291979789734	0.0191781148314476	1.0	1	0.0	0	0.0	0	-0.5584229826927185	-3.3024144840965164e-07	-0.8295562863349915	0.06333187222480774	0.9970815777778625	-0.04263278841972351	0.8271353244781494	-0.07634448260068893	-0.5567932724952698
-2.1869561672210693	0.8762379288673401	0.7284826040267944	0.45530855655670166	0.19869542121887207	0.5	1	0.5	0	0.0	0	0.13926632702350616	0.2101917713880539	0.9676902294158936	-0.0034997621551156044	-0.9771026372909546	0.21273989975452423	0.9902487397193909	-0.03301418572664261	-0.1353418529033661
-2.914283037185669	0.9751365184783936	0.8116750121116638	0.4430469274520874	0.12499724328517914	1.0	1	0.0	0	0.0	0	0.13926632702350616	0.2101917713880539	0.9676902294158936	-0.0034997619222849607	-0.9771025776863098	0.21273988485336304	0.9902487993240356	-0.03301418572664261	-0.13534186780452728
-3.05197811126709	0.23991212248802185	0.9911894798278809	0.526228129863739	0.11131845414638519	1.0	1	0.0	0	0.0	0	0.13926632702350616	0.2101917713880539	0.9676902294158936	-0.0034997619222849607	-0.9771026372909546	0.21273989975452423	0.9902487397193909	-0.03301418572664261	-0.1353418529033661
-2.142885208129883	-0.23642976582050323	-0.3416004776954651	0.25782671570777893	0.21629001200199127	0.5	1	0.5	0	0.0	0	0.1827593445777893	-0.4703332483768463	-0.8633573055267334	0.07510880380868912	0.882260262966156	-0.46473169326782227	0.9802845120429993	0.020088329911231995	0.19656746089458466
-3.169325828552246	-0.17324680089950562	-0.5933023691177368	0.26016202569007874	0.10077041387557983	1.0	1	0.0	0	0.0	0	0.1827593445777893	-0.4703332483768463	-0.8633573055267334	0.07510881125926971	0.882260262966156	-0.46473169326782227	0.9802845120429993	0.020088322460651398	0.19656746089458466
-3.188690185546875	0.2948808968067169	-0.8524245619773865	0.3130175471305847	0.09414062649011612	1.0	1	0.0	0	0.0	0	0.1827593445777893	-0.4703332483768463	-0.8633573055267334	0.07510881125926971	0.882260262966156	-0.46473169326782227	0.9802845120429993	0.020088322460651398	0.19656746089458466
-2.142885208129883	-0.23642976582050323	-0.3416004776954651	0.7359522581100464	0.21765416860580444	0.5	1	0.5	0	0.0	0	-0.047074783593416214	-0.997186005115509	-0.05834561586380005	-0.0017310171388089657	0.05849171802401543	-0.9982864260673523	0.9988898634910583	-0.04689311236143112	-0.004479630384594202
-3.142592430114746	-0.24591246247291565	0.6270586848258972	0.6315889358520508	0.10647475719451904	1.0	1	0.0	0	0.0	0	-0.047074783593416214	-0.997186005115509	-0.05834561586380005	-0.0017310174880549312	0.05849171429872513	-0.9982863664627075	0.9988899230957031	-0.04689311981201172	-0.004479630850255489
-3.169325828552246	-0.17324680089950562	-0.5933023691177368	0.7630888223648071	0.1037416160106659	1.0	1	0.0	0	0.0	0	-0.047074783593416214	-0.997186005115509	-0.05834561586380005	-0.0017310171388089657	0.05849171802401543	-0.9982864260673523	0.9988898634910583	-0.04689311236143112	-0.004479630384594202
-4.093571662902832	-0.20295099914073944	0.2782846689224243	0.9115773439407349	0.7540322542190552	1.0	1	0.0	0	0.0	0	-1.0	0.0	-8.512955105288711e-07	1.421905815313096e-09	-0.9999986290931702	-0.0016702846623957157	-8.51294316817075e-07	-0.0016702846623957157	0.9999986290931702
-4.093571186065674	-0.472150981426239	-0.2818465530872345	0.9403806924819946	0.691785454750061	1.0	1	0.0	0	0.0	0	-1.0	0.0	-8.512955105288711e-07	1.421905815313096e-09	-0.9999986290931702	-0.0016702846623957157	-8.51294316817075e-07	-0.0016702846623957157	0.9999986290931702
-4.093571662902832	-0.472150981426239	0.2782846689224243	0.9403806924819946	0.7540822625160217	1.0	1	0.0	0	0.0	0	-1.0	0.0	-8.512955105288711e-07	1.421905815313096e-09	-0.9999986290931702	-0.0016702846623957157	-8.512943736604939e-07	-0.0016702846623957157	0.9999986290931702
-3.169325828552246	-0.17324680089950562	-0.5933023691177368	0.7630888223648071	0.1037416160106659	1.0	1	0.0	0	0.0	0	0.3077118992805481	-0.9514795541763306	2.6195374402959715e-07	5.526758162233136e-09	-2.7352461984264664e-07	-1.0	0.9514796137809753	0.3077118992805481	-7.890817954603335e-08
-4.093571662902832	-0.472150981426239	0.2782846689224243	0.6691306829452515	0.0	1.0	1	0.0	0	0.0	0	0.3077118992805481	-0.9514795541763306	2.6195374402959715e-07	5.5267577181439265e-09	-2.7352461984264664e-07	-1.0	0.9514795541763306	0.3077118992805481	-7.890817954603335e-08
-4.093571186065674	-0.472150981426239	-0.2818465530872345	0.7294813990592957	5.303828842784242e-08	1.0	1	0.0	0	0.0	0	0.3077118992805481	-0.9514795541763306	2.6195374402959715e-07	5.5267577181439265e-09	-2.7352461984264664e-07	-1.0	0.9514795541763306	0.3077118992805481	-7.890817954603335e-08
-2.959171772003174	0.9443292617797852	-0.9347484111785889	0.2122235745191574	0.661957323551178	1.0	1	0.0	0	0.0	0	0.39807355403900146	0.916973352432251	-0.026407374069094658	-0.005114648025482893	-0.02656751312315464	-0.9996339082717896	-0.9173392653465271	0.39806288480758667	-0.005885828286409378
-3.8218579292297363	1.3496761322021484	0.13615569472312927	0.09778405725955963	0.7594946026802063	1.0	1	0.0	0	0.0	0	0.39807355403900146	0.916973352432251	-0.026407374069094658	-0.005114647094160318	-0.02656751498579979	-0.9996339678764343	-0.9173392057418823	0.3980628550052643	-0.005885829217731953
-2.914283037185669	0.9751365184783936	0.8116750121116638	0.024178599938750267	0.6579180359840393	1.0	1	0.0	0	0.0	0	0.39807355403900146	0.916973352432251	-0.026407374069094658	-0.00511464849114418	-0.02656751312315464	-0.9996339678764343	-0.9173392057418823	0.3980628550052643	-0.005885826889425516
-3.142592430114746	-0.24591246247291565	0.6270586848258972	0.5813465714454651	0.10429514944553375	1.0	1	0.0	0	0.0	0	-0.3443256616592407	0.0	0.9388503432273865	-0.02787886932492256	-0.9995591044425964	-0.010224643163383007	0.9384362697601318	-0.029694689437747	0.3441738188266754
-4.093571662902832	-0.20295099914073944	0.2782846689224243	0.5823148488998413	0.0	1.0	1	0.0	0	0.0	0	-0.3443256616592407	0.0	0.9388503432273865	-0.02787886932492256	-0.9995591044425964	-0.010224643163383007	0.9384362697601318	-0.029694689437747	0.3441738188266754
-4.093571662902832	-0.472150981426239	0.2782846689224243	0.6112416386604309	0.0008224116754718125	1.0	1	0.0	0	0.0	0	-0.3443256616592407	0.0	0.9388503432273865	-0.027878865599632263	-0.9995590448379517	-0.010224643163383007	0.9384363293647766	-0.029694689437747	0.3441738188266754
-3.821857452392578	1.096246361732483	-0.35402411222457886	0.816408097743988	0.05260450020432472	1.0	1	0.0	0	0.0	0	-1.0	-9.407677907802281e-07	-4.863901494900347e-07	9.514211569694453e-07	-0.9997494220733643	-0.022387588396668434	-4.6520676733052824e-07	-0.022387588396668434	0.9997494220733643
-3.8218579292297363	1.3496761322021484	0.13615569472312927	0.7881972193717957	0.1064784973859787	1.0	1	0.0	0	0.0	0	-1.0	-9.407677907802281e-07	-4.863901494900347e-07	9.514211001260264e-07	-0.9997493624687195	-0.022387586534023285	-4.652067104871094e-07	-0.022387586534023285	0.9997493624687195
-3.8218576908111572	1.3496761322021484	-0.3540240526199341	0.789298951625824	0.05197346955537796	1.0	1	0.0	0	0.0	0	-1.0	-9.407677907802281e-07	-4.863901494900347e-07	9.514211001260264e-07	-0.9997493624687195	-0.022387588396668434	-4.652067104871094e-07	-0.022387588396668434	0.9997493624687195
-4.093571186065674	-0.20161528885364532	-0.2818464934825897	0.247030571103096	0.0	1.0	1	0.0	0	0.0	0	-0.3193396031856537	2.2589767922909232e-07	-0.9476402997970581	0.062412045896053314	0.9978289008140564	-0.02103162184357643	0.9455828666687012	-0.06586039811372757	-0.31864628195762634
-3.169325828552246	-0.17324680089950562	-0.5933023691177368	0.26016202569007874	0.10077041387557983	1.0	1	0.0	0	0.0	0	-0.3193396031856537	2.2589767922909232e-07	-0.9476402997970581	0.062412042170763016	0.9978289008140564	-0.021031619980931282	0.9455828666687012	-0.06586039811372757	-0.31864628195762634
-4.093571186065674	-0.472150981426239	-0.2818465530872345	0.2181084007024765	0.0018484904430806637	1.0	1	0.0	0	0.0	0	-0.3193396031856537	2.2589767922909232e-07	-0.9476402997970581	0.062412042170763016	0.9978288412094116	-0.02103162184357643	0.945582926273346	-0.06586040556430817	-0.31864628195762634
-3.8218576908111572	1.0950775146484375	0.13615572452545166	0.44298067688941956	0.026832282543182373	1.0	1	0.0	0	0.0	0	-0.5970761179924011	-2.0692647240139195e-07	0.8021846413612366	-0.028332361951470375	-0.9993760585784912	-0.021088391542434692	0.8016841411590576	-0.03531916067004204	0.5967035889625549
-2.914283037185669	0.9751365184783936	0.8116750121116638	0.4430469274520874	0.12499724328517914	1.0	1	0.0	0	0.0	0	-0.5970761179924011	-2.0692647240139195e-07	0.8021846413612366	-0.028332367539405823	-0.999376118183136	-0.02108839340507984	0.8016842007637024	-0.035319168120622635	0.5967035889625549
-3.8218579292297363	1.3496761322021484	0.13615569472312927	0.41562291979789734	0.02605447545647621	1.0	1	0.0	0	0.0	0	-0.5970761179924011	-2.0692647240139195e-07	0.8021846413612366	-0.028332363814115524	-0.999376118183136	-0.021088391542434692	0.8016840815544128	-0.03531916067004204	0.5967035293579102
-4.093571662902832	-0.20295099914073944	0.2782846689224243	0.7881972193717957	0.2922007143497467	1.0	1	0.0	0	0.0	0	-0.48001959919929504	0.877255380153656	0.002091481350362301	0.8757436871528625	0.4793297350406647	-0.05758454650640488	-0.05151886120438576	-0.025810111314058304	-0.998338520526886
-3.188690185546875	0.2948808968067169	-0.8524245619773865	0.8931550979614258	0.4110107719898224	1.0	1	0.0	0	0.0	0	-0.48001959919929504	0.877255380153656	0.002091481350362301	0.8757437467575073	0.4793297350406647	-0.05758455768227577	-0.051518864929676056	-0.025810111314058304	-0.9983384609222412
-4.093571186065674	-0.20161528885364532	-0.2818464934825897	0.7926997542381287	0.354326069355011	1.0	1	0.0	0	0.0	0	-0.48001959919929504	0.877255380153656	0.002091481350362301	0.8757437467575073	0.47932976484298706	-0.057584553956985474	-0.05151886120438576	-0.025810111314058304	-0.9983384609222412
-3.188690185546875	0.2948808968067169	-0.8524245619773865	0.895207941532135	0.0	1.0	1	0.0	0	0.0	0	-0.7850855588912964	-0.6193855404853821	-0.0014773234724998474	0.6192247867584229	-0.7848227024078369	-0.024779915809631348	0.014188884757459164	-0.02036914974451065	0.9996918439865112
-3.8218576908111572	1.0950775146484375	0.13615572452545166	0.8154314160346985	0.10711243748664856	1.0	1	0.0	0	0.0	0	-0.7850855588912964	-0.6193855404853821	-0.0014773234724998474	0.6192247867584229	-0.7848227620124817	-0.024779917672276497	0.014188885688781738	-0.02036914974451065	0.999691903591156
-3.821857452392578	1.096246361732483	-0.35402411222457886	0.816408097743988	0.05260450020432472	1.0	1	0.0	0	0.0	0	-0.7850855588912964	-0.6193855404853821	-0.0014773234724998474	0.6192247867584229	-0.7848226428031921	-0.024779917672276497	0.014188885688781738	-0.0203691516071558	0.9996918439865112
2.758474588394165	-0.018134593963623047	-0.30192601680755615	0.8966473340988159	0.19103428721427917	1.0	4	0.0	0	0.0	0	1.0	-8.030067419895204e-07	0.0	-8.030066851461015e-07	-1.0	-4.5126279246687773e-07	3.6236706452315304e-13	4.5126282088858716e-07	-1.0
2.758474349975586	-0.3150419592857361	0.3165930509567261	0.9285072088241577	0.122244693338871	1.0	4	0.0	0	0.0	0	1.0	-8.030067419895204e-07	0.0	-8.030066851461015e-07	-1.0	-4.5126282088858716e-07	3.6236709162820735e-13	4.512628493102966e-07	-1.0
2.758474349975586	-0.3150419592857361	-0.30192601680755615	0.9283794164657593	0.19103427231311798	1.0	4	0.0	0	0.0	0	1.0	-8.030067419895204e-07	0.0	-8.030066851461015e-07	-1.0	-4.5126279246687773e-07	3.6236706452315304e-13	4.5126282088858716e-07	-1.0
1.000000238418579	-0.04701685905456543	-0.9999997019767761	0.3078598976135254	0.5603081583976746	1.0	0	0.0	0	0.0	0	0.3689671754837036	-2.962830762953672e-07	-0.9294424057006836	0.06040675938129425	0.9978857636451721	0.02397977001965046	0.9274773597717285	-0.06499235332012177	0.3681871294975281
2.758474588394165	-0.018134593963623047	-0.30192601680755615	0.31548401713371277	0.7585985064506531	1.0	4	0.0	0	0.0	0	0.3689671754837036	-2.962830762953672e-07	-0.9294424057006836	0.06040675565600395	0.9978857636451721	0.02397976815700531	0.9274773597717285	-0.06499234586954117	0.3681871294975281
2.758474349975586	-0.3150419592857361	-0.30192601680755615	0.2837425470352173	0.7606272101402283	1.0	4	0.0	0	0.0	0	0.3689671754837036	-2.962830762953672e-07	-0.9294424057006836	0.06040676310658455	0.9978858232498169	0.02397977188229561	0.9274774193763733	-0.06499235332012177	0.3681871294975281
0.9987097978591919	-0.5861294269561768	0.8052595853805542	0.612303614616394	0.5657884478569031	1.0	0	0.0	0	0.0	0	0.15225164592266083	-0.988341748714447	0.0	0.0	0.0	-1.0	0.988341748714447	0.15225164592266083	0.0
2.758474349975586	-0.3150419592857361	-0.30192601680755615	0.7316363453865051	0.7623320817947388	1.0	4	0.0	0	0.0	0	0.15225164592266083	-0.988341748714447	0.0	0.0	0.0	-1.0	0.988341748714447	0.15225164592266083	0.0
2.758474349975586	-0.3150419592857361	0.3165930509567261	0.6649947166442871	0.7623320817947388	1.0	4	0.0	0	0.0	0	0.15225164592266083	-0.988341748714447	0.0	0.0	0.0	-1.0	0.988341748714447	0.15225164592266083	0.0
1.0460046529769897	0.9301066398620605	-0.7777286171913147	0.19382494688034058	0.21664121747016907	0.5	3	0.5	0	0.0	0	0.22485075891017914	0.9743932485580444	2.0141528978001588e-07	-0.0037291680928319693	0.000860748696140945	-0.9999926686286926	-0.9743860960006714	0.22484910488128662	0.003827216336503625
2.9848926067352295	0.48268911242485046	0.3173639476299286	0.07445947080850601	0.00022209783492144197	1.0	2	0.0	0	0.0	0	0.22485075891017914	0.9743932485580444	2.0141528978001588e-07	-0.0037291678600013256	0.000860748637933284	-0.9999927282333374	-0.9743861556053162	0.22484911978244781	0.0038272161036729813
2.9848930835723877	0.48268911242485046	-0.21495512127876282	0.13180755078792572	0.0	1.0	2	0.0	0	0.0	0	0.22485075891017914	0.9743932485580444	2.0141528978001588e-07	-0.0037291680928319693	0.000860748696140945	-0.9999927282333374	-0.9743861556053162	0.22484911978244781	0.003827216336503625
2.758474588394165	-0.018134593963623047	-0.30192601680755615	0.6112416386604309	0.8397406339645386	1.0	4	0.0	0	0.0	0	-0.008484337478876114	0.999683141708374	-0.023700866848230362	-0.9999631643295288	-0.00851198099553585	-0.0010657344246283174	-0.001267138053663075	0.023690951988101006	0.9997185468673706
0.9999997019767761	-0.002192258834838867	1.000000238418579	0.8006057739257812	0.9846988916397095	1.0	0	0.0	0	0.0	0	-0.008484337478876114	0.999683141708374	-0.023700866848230362	-0.9999632239341736	-0.00851198099553585	-0.0010657345410436392	-0.001267138053663075	0.023690953850746155	0.9997186064720154
2.758474349975586	-0.003470510244369507	0.3165931701660156	0.6112438440322876	0.9085084199905396	1.0	4	0.0	0	0.0	0	-0.008484337478876114	0.999683141708374	-0.023700866848230362	-0.9999632239341736	-0.00851198099553585	-0.0010657344246283174	-0.001267138053663075	0.023690953850746155	0.9997186064720154
0.9999998211860657	-0.33581840991973877	1.0000001192092896	0.5749325752258301	0.5632337927818298	1.0	0	0.0	0	0.0	0	0.29931870102882385	-0.586855411529541	0.7523357272148132	-0.04515797272324562	-0.7963145971298218	-0.6031946539878845	0.9530839920043945	0.1465734839439392	-0.2648530602455139
0.9987097978591919	-0.5861294269561768	0.8052595853805542	0.6032358407974243	0.564689576625824	1.0	0	0.0	0	0.0	0	0.29931870102882385	-0.586855411529541	0.7523357272148132	-0.04515797272324562	-0.7963145971298218	-0.6031946539878845	0.9530839920043945	0.1465734839439392	-0.2648530602455139
2.758474349975586	-0.3150419592857361	0.3165930509567261	0.5719362497329712	0.761473536491394	1.0	4	0.0	0	0.0	0	0.29931870102882385	-0.586855411529541	0.7523357272148132	-0.04515797272324562	-0.7963145971298218	-0.6031946539878845	0.9530839920043945	0.1465734839439392	-0.2648530602455139
2.9848928451538086	0.21851930022239685	0.31736382842063904	0.3571942150592804	0.9093151688575745	1.0	2	0.0	0	0.0	0	1.0	9.025197300616128e-07	8.957731552072801e-07	9.025183089761413e-07	-1.0	1.577483885739639e-06	8.957745762927516e-07	-1.5774830899317749e-06	-1.0
2.9848930835723877	0.48268911242485046	-0.21495512127876282	0.32885095477104187	0.9685178399085999	1.0	2	0.0	0	0.0	0	1.0	9.025197300616128e-07	8.957731552072801e-07	9.025183658195601e-07	-1.0	1.5774841131133144e-06	8.957746331361705e-07	-1.5774833173054503e-06	-1.0
2.9848926067352295	0.48268911242485046	0.3173639476299286	0.32896098494529724	0.9093151092529297	1.0	2	0.0	0	0.0	0	1.0	9.025197300616128e-07	8.957731552072801e-07	9.025183658195601e-07	-1.0	1.5774839994264767e-06	8.957746331361705e-07	-1.5774832036186126e-06	-1.0
1.0000003576278687	0.43681755661964417	-0.9999995827674866	0.3595851957798004	0.5570022463798523	1.0	0	0.0	0	0.0	0	0.3358016014099121	0.36074745655059814	-0.8701140880584717	0.038874734193086624	0.9176591634750366	0.39546236395835876	0.9411302208900452	-0.1666223555803299	0.2941274642944336
1.0460046529769897	0.9301066398620605	-0.7777286171913147	0.4101199507713318	0.5598348379135132	0.5	3	0.5	0	0.0	0	0.3358016014099121	0.36074745655059814	-0.8701140880584717	0.03887472301721573	0.9176591634750366	0.39546239376068115	0.9411302208900452	-0.1666223406791687	0.2941274642944336
2.9848930835723877	0.48268911242485046	-0.21495512127876282	0.36964282393455505	0.780718982219696	1.0	2	0.0	0	0.0	0	0.3358016014099121	0.36074745655059814	-0.8701140880584717	0.03887472301721573	0.9176591634750366	0.39546239376068115	0.9411302208900452	-0.1666223406791687	0.2941274642944336
0.9999997019767761	-0.002192258834838867	1.000000238418579	0.214518740773201	0.7594946026802063	1.0	0	0.0	0	0.0	0	0.1184755265712738	-0.9926780462265015	0.023534836247563362	-0.9929543733596802	-0.11849647760391235	0.0005075186491012573	0.0022849924862384796	-0.0234291460365057	-0.9997228980064392
2.9848928451538086	0.20589885115623474	-0.21495524048805237	2.1834939616383053e-06	0.894514799118042	1.0	2	0.0	0	0.0	0	0.1184755265712738	-0.9926780462265015	0.023534836247563362	-0.9929543733596802	-0.11849647760391235	0.0005075189401395619	0.002284992253407836	-0.0234291460365057	-0.9997228980064392
2.9848928451538086	0.21851930022239685	0.31736382842063904	0.0	0.835307776927948	1.0	2	0.0	0	0.0	0	0.1184755265712738	-0.9926780462265015	0.023534836247563362	-0.992954432964325	-0.11849648505449295	0.0005075186491012573	0.0022849924862384796	-0.0234291460365057	-0.9997228980064392
-0.33604350686073303	2.02807879447937	0.06351049244403839	0.6096614003181458	0.785052478313446	1.0	0	0.0	0	0.0	0	0.0	1.0	0.0	-0.010641098022460938	0.0	0.9999434351921082	0.9999433755874634	0.0	0.010641097091138363
-0.25657784938812256	2.02807879447937	0.01773276925086975	0.6046357750892639	0.7938337326049805	1.0	0	0.0	0	0.0	0	0.0	1.0	0.0	-0.010641098953783512	0.0	0.9999434351921082	0.9999433755874634	0.0	0.010641098022460938
-0.33604347705841064	2.02807879447937	0.016154497861862183	0.6045598983764648	0.7849964499473572	1.0	0	0.0	0	0.0	0	0.0	1.0	0.0	-0.010641098022460938	0.0	0.9999434351921082	0.9999433755874634	0.0	0.010641097091138363
0.3995422124862671	0.9639899134635925	1.0176286697387695	0.0006938244914636016	0.28936871886253357	0.5	3	0.5	0	0.0	0	-0.014969201758503914	0.9948819279670715	0.09992985427379608	-0.001144775073044002	0.09992393106222153	-0.9949944615364075	-0.9998872876167297	-0.015008668415248394	-0.00035686546470969915
-1.000000238418579	1.0	0.4494718909263611	0.06246811896562576	0.4448523223400116	1.0	0	0.0	0	0.0	0	-0.014969201758503914	0.9948819279670715	0.09992985427379608	-0.0011447749566286802	0.09992392361164093	-0.9949944019317627	-0.9998873472213745	-0.015008669346570969	-0.0003568654938135296
-1.005405068397522	0.9417576789855957	1.02851140499115	0.0	0.4455271065235138	1.0	0	0.0	0	0.0	0	-0.014969201758503914	0.9948819279670715	0.09992985427379608	-0.001144775073044002	0.09992393106222153	-0.9949944615364075	-0.9998872876167297	-0.015008668415248394	-0.00035686546470969915
0.4091837406158447	1.0	-0.36231571435928345	0.9986907243728638	0.20531249046325684	0.5	3	0.5	0	0.0	0	0.018546968698501587	0.35722047090530396	-0.9338359832763672	0.015290220268070698	-0.9339887499809265	-0.3569752275943756	-0.9997111558914185	-0.0076577491126954556	-0.0227846410125494
-0.33604347705841064	2.02807879447937	0.016154497861862183	0.8931550979614258	0.28633472323417664	1.0	0	0.0	0	0.0	0	0.018546968698501587	0.35722047090530396	-0.9338359832763672	0.015290220268070698	-0.9339886903762817	-0.3569752275943756	-0.9997110962867737	-0.007657749578356743	-0.02278463914990425
-0.25657784938812256	2.02807879447937	0.01773276925086975	0.8931550979614258	0.27749547362327576	1.0	0	0.0	0	0.0	0	0.018546968698501587	0.35722047090530396	-0.9338359832763672	0.015290219336748123	-0.9339887499809265	-0.3569752275943756	-0.9997111558914185	-0.007657748647034168	-0.022784637287259102
0.4091837406158447	1.0	-0.36231571435928345	0.14941012859344482	0.28782472014427185	0.5	3	0.5	0	0.0	0	-0.0004260785353835672	0.9997698068618774	0.021452898159623146	-0.003195052267983556	0.021451428532600403	-0.9997648000717163	-0.9999947547912598	-0.0004945214022882283	0.0031851762905716896
-0.9853056073188782	1.0129835605621338	-0.9950849413871765	0.2181083858013153	0.44265320897102356	1.0	0	0.0	0	0.0	0	-0.0004260785353835672	0.9997698068618774	0.021452898159623146	-0.0031950525008141994	0.021451428532600403	-0.9997648596763611	-0.9999948143959045	-0.0004945214022882283	0.0031851765234023333
-1.0000001192092896	1.0	-0.39030367136001587	0.1529393196105957	0.44450199604034424	1.0	0	0.0	0	0.0	0	-0.0004260785353835672	0.9997698068618774	0.021452898159623146	-0.0031950525008141994	0.021451428532600403	-0.9997648000717163	-0.9999947547912598	-0.0004945214022882283	0.0031851765234023333
-1.000000238418579	1.0	0.4494718909263611	0.8952078819274902	0.12224467843770981	1.0	0	0.0	0	0.0	0	-0.8400433659553528	0.5425191521644592	-1.1599043148180499e-07	9.103007414523745e-08	-7.284759817594022e-08	-1.0	-0.5425191521644592	-0.8400433659553528	1.1809587974198621e-08
-0.33604347705841064	2.02807879447937	0.016154497861862183	0.9410674571990967	0.0	1.0	0	0.0	0	0.0	0	-0.8400433659553528	0.5425191521644592	-1.1599043148180499e-07	9.103007414523745e-08	-7.284760528136758e-08	-1.0	-0.5425191521644592	-0.8400433659553528	1.1809595079625979e-08
-1.0000001192092896	1.0	-0.39030367136001587	0.985679566860199	0.12224467098712921	1.0	0	0.0	0	0.0	0	-0.8400433659553528	0.5425191521644592	-1.1599043148180499e-07	9.103007414523745e-08	-7.284759817594022e-08	-1.0	-0.5425191521644592	-0.8400433659553528	1.1809587974198621e-08
0.4091837406158447	1.0	-0.36231571435928345	0.9108734726905823	0.8851221799850464	0.5	3	0.5	0	0.0	0	0.8400195240974426	0.5425423979759216	0.0038845615927129984	-0.004624334629625082	2.0552050727928872e-08	0.99998939037323	0.5425365567207336	-0.8400284647941589	0.002508914563804865
-0.2567935585975647	2.02807879447937	0.06438204646110535	0.9577699899673462	0.762332022190094	1.0	0	0.0	0	0.0	0	0.8400195240974426	0.5425423979759216	0.0038845615927129984	-0.004624334629625082	2.01730863125249e-08	0.9999893307685852	0.5425366163253784	-0.8400285243988037	0.002508914563804865
0.405358225107193	1.0	0.4649273157119751	1.0	0.8851221799850464	0.5	3	0.5	0	0.0	0	0.8400195240974426	0.5425423979759216	0.0038845615927129984	-0.004624334163963795	2.0299404823731493e-08	0.9999892711639404	0.5425366163253784	-0.8400285243988037	0.002508914563804865
-1.000000238418579	1.0	0.4494718909263611	0.5232559442520142	0.7849964499473572	1.0	0	0.0	0	0.0	0	-0.010271144099533558	0.35725679993629456	0.9339497685432434	0.016057033091783524	-0.9338196516036987	0.3573835790157318	0.9998183250427246	0.018667200580239296	0.0038549117743968964
-0.2567935585975647	2.02807879447937	0.06438204646110535	0.41562291979789734	0.8695382475852966	1.0	0	0.0	0	0.0	0	-0.010271144099533558	0.35725679993629456	0.9339497685432434	0.016057034954428673	-0.9338197112083435	0.3573836088180542	0.9998183250427246	0.018667200580239296	0.0038549117743968964
-0.33604350686073303	2.02807879447937	0.06351049244403839	0.41562291979789734	0.8607327938079834	1.0	0	0.0	0	0.0	0	-0.010271144099533558	0.35725679993629456	0.9339497685432434	0.016057033091783524	-0.9338196516036987	0.3573836088180542	0.9998182654380798	0.018667198717594147	0.003854911308735609
0.9381394982337952	0.8774047493934631	0.8920148015022278	0.4455435276031494	0.5531171560287476	0.5	3	0.5	0	0.0	0	0.23011109232902527	0.01986180804669857	0.9729616641998291	-0.02644837461411953	-0.9992948174476624	0.02665456011891365	0.9728049635887146	-0.03186676278710365	-0.22942350804805756
0.3995422124862671	0.9639899134635925	1.0176286697387695	0.4370761215686798	0.49247366189956665	0.5	3	0.5	0	0.0	0	0.23011109232902527	0.01986180804669857	0.9729616641998291	-0.02644837088882923	-0.9992948174476624	0.0266545582562685	0.972804844379425	-0.031866755336523056	-0.22942347824573517
0.527263879776001	0.34781304001808167	1.000000238418579	0.5030012726783752	0.5086220502853394	1.0	0	0.0	0	0.0	0	0.23011109232902527	0.01986180804669857	0.9729616641998291	-0.02644837088882923	-0.9992947578430176	0.02665456011891365	0.9728049039840698	-0.031866759061813354	-0.22942349314689636
-0.3705725073814392	-0.07653981447219849	2.0239133834838867	0.37224164605140686	0.9093151092529297	1.0	0	0.0	0	0.0	0	0.0	0.0	1.0	0.02199244312942028	-0.9997581243515015	0.0	0.9997581243515015	0.02199244312942028	0.0
-0.09265792369842529	0.054982990026474	2.0239133834838867	0.358691543340683	0.940522313117981	1.0	0	0.0	0	0.0	0	0.0	0.0	1.0	0.02199244499206543	-0.9997581839561462	0.0	0.9997581839561462	0.02199244499206543	0.0
-0.3705725073814392	0.05194935202598572	2.0239133834838867	0.3584330081939697	0.909629225730896	1.0	0	0.0	0	0.0	0	0.0	0.0	1.0	0.02199244126677513	-0.9997581243515015	0.0	0.9997581243515015	0.02199244126677513	0.0
0.527263879776001	0.34781304001808167	1.000000238418579	0.32885095477104187	0.782610297203064	1.0	0	0.0	0	0.0	0	-0.010512551292777061	0.9630652070045471	0.2690633237361908	0.006484460551291704	0.2691381871700287	-0.9630798101425171	-0.9999237060546875	-0.008379694074392319	-0.009074285626411438
-0.3705725073814392	0.05194935202598572	2.0239133834838867	0.2181084007024765	0.8816477656364441	1.0	0	0.0	0	0.0	0	-0.010512551292777061	0.9630652070045471	0.2690633237361908	0.006484459154307842	0.2691381573677063	-0.9630796909332275	-0.9999237656593323	-0.008379695005714893	-0.009074285626411438
-0.09265792369842529	0.054982990026474	2.0239133834838867	0.2181084305047989	0.8507546782493591	1.0	0	0.0	0	0.0	0	-0.010512551292777061	0.9630652070045471	0.2690633237361908	0.006484460551291704	0.2691381573677063	-0.9630797505378723	-0.9999237060546875	-0.008379694074392319	-0.009074285626411438
0.5505059957504272	-0.3446160852909088	1.0	0.5773308277130127	0.513319730758667	1.0	0	0.0	0	0.0	0	-2.582143281415483e-07	-3.5731406455852266e-07	1.0	-0.02748613990843296	-0.9996222257614136	-3.64276417030851e-07	0.9996222257614136	-0.02748613990843296	2.482956062976882e-07
0.9999998211860657	-0.33581840991973877	1.0000001192092896	0.5749325752258301	0.5632337927818298	1.0	0	0.0	0	0.0	0	-2.582143281415483e-07	-3.5731406455852266e-07	1.0	-0.027486136183142662	-0.9996221661567688	-3.642763886091416e-07	0.9996221661567688	-0.027486136183142662	2.482955778759788e-07
0.9999997019767761	-0.002192258834838867	1.000000238418579	0.539082944393158	0.5622145533561707	1.0	0	0.0	0	0.0	0	-2.582143281415483e-07	-3.5731406455852266e-07	1.0	-0.02748613804578781	-0.9996222257614136	-3.64276417030851e-07	0.9996222257614136	-0.02748613804578781	2.482956062976882e-07
0.5505059957504272	-0.3446160852909088	1.0	0.9108734726905823	0.9348182082176208	1.0	0	0.0	0	0.0	0	0.01884695328772068	-0.9629372954368591	0.26906588673591614	0.007975115440785885	-0.2689603567123413	-0.9631182551383972	0.9997905492782593	0.02029767632484436	0.0026104527059942484
-0.3705725073814392	-0.07653981447219849	2.0239133834838867	0.8006057739257812	0.8332959413528442	1.0	0	0.0	0	0.0	0	0.01884695328772068	-0.9629372954368591	0.26906588673591614	0.007975115440785885	-0.2689603567123413	-0.9631182551383972	0.9997905492782593	0.02029767632484436	0.0026104527059942484
-1.0000001192092896	-0.3749632239341736	0.9999997615814209	0.9108734726905823	0.762332022190094	1.0	0	0.0	0	0.0	0	0.01884695328772068	-0.9629372954368591	0.26906588673591614	0.007975115440785885	-0.2689603865146637	-0.963118314743042	0.999790608882904	0.02029767632484436	0.0026104520075023174
-1.000000238418579	0.3311418294906616	0.9999997019767761	0.9864241480827332	1.0	1.0	0	0.0	0	0.0	0	-0.8519081473350525	0.0	0.5236912965774536	2.4937123725976562e-06	1.0	4.056614670844283e-06	-0.5236912965774536	4.761798663821537e-06	-0.8519082069396973
-0.3705725073814392	-0.07653981447219849	2.0239133834838867	0.9505927562713623	0.8851221203804016	1.0	0	0.0	0	0.0	0	-0.8519081473350525	0.0	0.5236912965774536	2.4937123725976562e-06	1.0	4.056614216096932e-06	-0.5236912965774536	4.761798209074186e-06	-0.8519081473350525
-0.3705725073814392	0.05194935202598572	2.0239133834838867	0.9643406271934509	0.8851221799850464	1.0	0	0.0	0	0.0	0	-0.8519081473350525	0.0	0.5236912965774536	2.4937123725976562e-06	1.0	4.056614670844283e-06	-0.5236912965774536	4.761798663821537e-06	-0.8519082069396973
0.527263879776001	0.34781304001808167	1.000000238418579	0.9114344120025635	0.6917352676391602	1.0	0	0.0	0	0.0	0	0.8514401316642761	0.02857929654419422	0.5236725211143494	0.03354715555906296	-0.999437153339386	-3.486198068003432e-07	0.5233777761459351	0.017568020150065422	-0.8519196510314941
-0.08842861652374268	-0.0710175633430481	2.0239133834838867	0.9479464888572693	0.5768033266067505	1.0	0	0.0	0	0.0	0	0.8514401316642761	0.02857929654419422	0.5236725211143494	0.03354715555906296	-0.999437153339386	-3.505706445139367e-07	0.5233777761459351	0.01756802201271057	-0.8519196510314941
0.5505059957504272	-0.3446160852909088	1.0	0.9857553243637085	0.6917352676391602	1.0	0	0.0	0	0.0	0	0.8514401316642761	0.02857929654419422	0.5236725211143494	0.03354715555906296	-0.9994372129440308	-3.495952398679947e-07	0.5233777761459351	0.01756802201271057	-0.8519197106361389
-0.9999997615814209	-0.34383368492126465	-1.000000238418579	0.7881972193717957	0.4110107719898224	1.0	0	0.0	0	0.0	0	0.000629706890322268	-0.9663229584693909	-0.2573316693305969	-0.007565647829324007	0.25731974840164185	-0.9662966728210449	0.9999712109565735	0.0025553645100444555	-0.007148823235183954
