15016	7828	13
-0.008740534074604511	0.615300714969635	-0.9284869432449341	0.31565722823143005	0.266812264919281	0	0	0	0	0	0	0.0	-0.38035523891448975	-0.9248404502868652	0.9799290299415588	-0.18436400592327118	0.07582264393568039	-0.19934682548046112	-0.9062779545783997	0.3727211356163025
0.15328411757946014	0.44251346588134766	-0.8202260136604309	0.33072134852409363	0.27779197692871094	0	0	0	0	0	0	0.16260726749897003	-0.5525534152984619	-0.8174616694450378	0.9311707019805908	-0.18805570900440216	0.31234002113342285	-0.3263128995895386	-0.8119850754737854	0.48394232988357544
-0.008740338496863842	0.44251346588134766	-0.8361831903457642	0.3191029131412506	0.2807941734790802	0	0	0	0	0	0	0.0	-0.5525502562522888	-0.8334795832633972	0.9575268626213074	-0.2403290718793869	0.15932469069957733	-0.28834426403045654	-0.7980790734291077	0.5290817022323608
-0.00874045118689537	1.7044625282287598	-0.7119641900062561	0.3204994797706604	0.18248409032821655	0	0	0	0	0	0	0.0	0.7038642764091492	-0.7103344202041626	0.9522798657417297	0.21681272983551025	0.21483798325061798	0.30522632598876953	-0.6764371395111084	-0.6702758073806763
0.09952088445425034	1.8287537097930908	-0.5499399304389954	0.3362804353237152	0.16958418488502502	0	0	0	0	0	0	0.10922835767269135	0.82850581407547	-0.5492242574691772	0.8842095732688904	0.17145231366157532	0.4344855546951294	0.4541395902633667	-0.533087432384491	-0.7138453125953674
0.1290501058101654	1.7044625282287598	-0.6983933448791504	0.3314771056175232	0.185603067278862	0	0	0	0	0	0	0.13855695724487305	0.7038632035255432	-0.6966912746429443	0.9249210953712463	0.1594943404197693	0.34508323669433594	0.3540096879005432	-0.6921981573104858	-0.6289188265800476
0.1290501058101654	0.2910642623901367	-0.6983933448791504	0.3346056342124939	0.2919321656227112	0	0	0	0	0	0	0.13855695724487305	-0.7038632035255432	-0.6966912746429443	0.8964769244194031	-0.20981508493423462	0.3902651071548462	-0.42086952924728394	-0.6786414980888367	0.6019257307052612
-0.00874045118689537	0.2910642623901367	-0.7119641900062561	0.324030339717865	0.2956371307373047	0	0	0	0	0	0	0.0	-0.7038642764091492	-0.7103344202041626	0.9325724244117737	-0.2564185559749603	0.2540830373764038	-0.3609829246997833	-0.6624383926391602	0.6564044952392578
-0.008740338496863842	1.5530133247375488	-0.8361831903457642	0.316434770822525	0.19780027866363525	0	0	0	0	0	0	0.0	0.5525502562522888	-0.8334795832633972	0.9743106365203857	0.18770666420459747	0.12443900853395462	0.22520849108695984	-0.8120680451393127	-0.5383555889129639
0.15328411757946014	1.5530133247375488	-0.8202260136604309	0.3284122049808502	0.20014958083629608	0	0	0	0	0	0	0.16260726749897003	0.5525534152984619	-0.8174616694450378	0.9531347155570984	0.12626205384731293	0.2749403715133667	0.25513359904289246	-0.823858380317688	-0.5061267018318176
0.09952086955308914	0.16677308082580566	-0.5499398708343506	0.3402407765388489	0.30736902356147766	0	0	0	0	0	0	0.10922835767269135	-0.82850581407547	-0.5492242574691772	0.8510465025901794	-0.20754337310791016	0.48233360052108765	-0.5136040449142456	-0.5200998783111572	0.6824273467063904
-0.008740480989217758	0.16677308082580566	-0.5606021285057068	0.3311542272567749	0.31154170632362366	0	0	0	0	0	0	0.0	-0.8284978866577148	-0.559992253780365	0.8848602175712585	-0.26087602972984314	0.3859610855579376	-0.46585652232170105	-0.495514839887619	0.7331048846244812
-0.008740534074604511	1.3802262544631958	-0.9284869432449341	0.31396305561065674	0.2122170776128769	0	0	0	0	0	0	0.0	0.38035523891448975	-0.9248404502868652	0.9908484816551208	0.12483412772417068	0.051340050995349884	0.13497909903526306	-0.9163767695426941	-0.3768744468688965
0.17129160463809967	1.3802262544631958	-0.9107557535171509	0.32659462094306946	0.2137070745229721	0	0	0	0	0	0	0.18043051660060883	0.380362868309021	-0.9070661067962646	0.9711909890174866	0.07705901563167572	0.2254994958639145	0.15566925704479218	-0.9216214418411255	-0.3555012047290802
0.06583119928836823	0.07441633939743042	-0.3805704414844513	0.34854552149772644	0.32478344440460205	0	0	0	0	0	0	0.07568662613630295	-0.921637237071991	-0.3805999755859375	0.7951396107673645	-0.1745355874300003	0.5807669758796692	-0.6016846895217896	-0.3465864062309265	0.7196202874183655
-0.00874052569270134	0.07441633939743042	-0.387914776802063	0.3415272533893585	0.3289864659309387	0	0	0	0	0	0	0.0	-0.9216394424438477	-0.388047456741333	0.8420109152793884	-0.2093363106250763	0.49718809127807617	-0.5394605398178101	-0.3267401456832886	0.776030421257019
-0.008740350604057312	1.1927412748336792	-0.9853265881538391	0.31276124715805054	0.22606819868087769	0	0	0	0	0	0	0.0	0.19382667541503906	-0.9810358285903931	0.9985053539276123	0.05361717566847801	0.010593364015221596	0.05465364828705788	-0.9795695543289185	-0.19353698194026947
0.1823805570602417	1.1927412748336792	-0.9665037393569946	0.3257816433906555	0.2266363948583603	0	0	0	0	0	0	0.19138728082180023	0.19382883608341217	-0.9621857404708862	0.9799991250038147	0.016717474907636642	0.19829829037189484	0.054521240293979645	-0.9808929562568665	-0.1867525726556778
0.029275767505168915	0.017543494701385498	-0.19679392874240875	0.3615099787712097	0.34543195366859436	0	0	0	0	0	0	0.03894274681806564	-0.9798556566238403	-0.1958734691143036	0.7391530275344849	-0.10366008430719376	0.6655128598213196	-0.672410786151886	-0.17069736123085022	0.720226526260376
-0.008740588091313839	0.017543494701385498	-0.2005380392074585	0.3573700487613678	0.34870967268943787	0	0	0	0	0	0	0.0	-0.9798533320426941	-0.1997184306383133	0.7809941172599792	-0.12473197281360626	0.6119559407234192	-0.6245383620262146	-0.15597891807556152	0.7652596831321716
-0.008740334771573544	0.997763454914093	-1.0045193433761597	0.3126812279224396	0.23963923752307892	0	0	0	0	0	0	0.0	0.0	-1.0	0.9994189739227295	-0.03408653661608696	0.0	-0.03408653661608696	-0.9994189739227295	0.0
0.18612486124038696	0.997763454914093	-0.9853274822235107	0.32570549845695496	0.23920975625514984	0	0	0	0	0	0	0.19507722556591034	0.0	-0.9807879328727722	0.9802685976028442	-0.032539233565330505	0.19497394561767578	-0.031914085149765015	-0.9994704723358154	-0.006347662769258022
-0.008740568533539772	1.9779832363128662	-0.2005382478237152	0.35202789306640625	0.12668347358703613	0	0	0	0	0	0	0.0	0.9798533320426941	-0.1997184306383133	0.7675238847732544	0.12802372872829437	0.6281058192253113	0.6410202980041504	-0.15328867733478546	-0.7520608901977539
-0.008740718476474285	1.996610403060913	-0.005672442726790905	0.38016581535339355	0.10248955339193344	0	0	0	0	0	0	0.0	1.0	0.0	0.37822195887565613	8.081230795653482e-09	0.9257149696350098	0.9257149696350098	0.0	-0.37822195887565613
0.029275812208652496	1.9779832363128662	-0.19679415225982666	0.3562942445278168	0.1299048662185669	0	0	0	0	0	0	0.03894274681806564	0.9798556566238403	-0.1958734691143036	0.7448999881744385	0.10219036042690277	0.6593034863471985	0.6660386323928833	-0.1715812385082245	-0.7259149551391602
-0.008740601129829884	-0.001083672046661377	-0.005672725383192301	0.38394030928611755	0.37337711453437805	0	0	0	0	0	0	0.0	-1.0	0.0	0.3926869332790375	0.0	0.9196723103523254	-0.9196723103523254	0.0	0.3926869332790375
0.1823805868625641	0.8027856349945068	-0.9665037393569946	0.32646051049232483	0.251769095659256	0	0	0	0	0	0	0.19138728082180023	-0.19382883608341217	-0.9621857404708862	0.9735912084579468	-0.08681999146938324	0.21114563941955566	-0.12446307390928268	-0.9771862030029297	0.17209379374980927
-0.008740350604057312	0.8027856349945068	-0.9853265881538391	0.3136209547519684	0.2531247138977051	0	0	0	0	0	0	0.0	-0.19382667541503906	-0.9810358285903931	0.9923911094665527	-0.1207902804017067	0.02386499010026455	-0.12312526255846024	-0.973571240901947	0.19235187768936157
-0.00874052569270134	1.9211103916168213	-0.38791483640670776	0.33641576766967773	0.14745664596557617	0	0	0	0	0	0	0.0	0.9216394424438477	-0.388047456741333	0.8495246767997742	0.2047141045331955	0.4862099587917328	0.5275490283966064	-0.32965585589408875	-0.7829554080963135
0.06583122909069061	1.9211103916168213	-0.380570650100708	0.34380316734313965	0.15139302611351013	0	0	0	0	0	0	0.07568662613630295	0.921637237071991	-0.3805999755859375	0.8210539221763611	0.15898525714874268	0.5482646822929382	0.5658109784126282	-0.3539893925189972	-0.7446808218955994
0.17129161953926086	0.615300714969635	-0.9107557535171509	0.32808223366737366	0.26454994082450867	0	0	0	0	0	0	0.18043051660060883	-0.380362868309021	-0.9070661067962646	0.9560427665710449	-0.14889708161354065	0.25261035561561584	-0.2311430722475052	-0.912772536277771	0.33677756786346436
-0.008740495890378952	1.8287537097930908	-0.5606022477149963	0.3267677426338196	0.16586941480636597	0	0	0	0	0	0	0.0	0.8284978866577148	-0.559992253780365	0.9068633317947388	0.23599469661712646	0.3491496443748474	0.4214249551296234	-0.5078364014625549	-0.7513343691825867
0.06583128124475479	1.9779832363128662	-0.18570518493652344	0.3607165813446045	0.1325906664133072	0	0	0	0	0	0	0.0764203667640686	0.9798532128334045	-0.18451979756355286	0.6892139911651611	0.08181872963905334	0.7199234962463379	0.720516562461853	-0.1821904480457306	-0.6690759062767029
0.13753728568553925	1.9211103916168213	-0.3588188588619232	0.3510980010032654	0.15456503629684448	0	0	0	0	0	0	0.14850328862667084	0.9216299057006836	-0.35853201150894165	0.7496841549873352	0.13151894509792328	0.6485958099365234	0.6449189782142639	-0.3651043474674225	-0.671400249004364
0.34440529346466064	0.615300714969635	-0.8582423329353333	0.33978086709976196	0.26279789209365845	0	0	0	0	0	0	0.3539010286331177	-0.3803611993789673	-0.8544469475746155	0.898456335067749	-0.1155756339430809	0.4235782325267792	-0.259865939617157	-0.91758793592453	0.3008355498313904
0.20362192392349243	1.8287537097930908	-0.5183612108230591	0.3454746603965759	0.17249037325382233	0	0	0	0	0	0	0.21427564322948456	0.8285059928894043	-0.5173622965812683	0.8084532618522644	0.1468195617198944	0.569953978061676	0.5481691956520081	-0.5403904318809509	-0.638348400592804
0.3090823292732239	0.44251346588134766	-0.7729650735855103	0.34180858731269836	0.2754478454589844	0	0	0	0	0	0	0.318957656621933	-0.5525527000427246	-0.7700335383415222	0.8715333938598633	-0.14825774729251862	0.46738553047180176	-0.3724185824394226	-0.8201861381530762	0.4342801868915558
0.2615455985069275	1.7044625282287598	-0.658201277256012	0.34194913506507874	0.18796572089195251	0	0	0	0	0	0	0.2718360424041748	0.7038682699203491	-0.6562580466270447	0.8546650409698486	0.13686521351337433	0.5008149147033691	0.4423266053199768	-0.6970203518867493	-0.5643666982650757
0.2615455985069275	0.2910642623901367	-0.658201277256012	0.3448045551776886	0.28904658555984497	0	0	0	0	0	0	0.2718360424041748	-0.7038682699203491	-0.6562580466270447	0.832969605922699	-0.16941897571086884	0.5267436504364014	-0.48194071650505066	-0.6898309588432312	0.5402466654777527
0.3090823292732239	1.5530133247375488	-0.7729650735855103	0.3397332727909088	0.20185460150241852	0	0	0	0	0	0	0.318957656621933	0.5525527000427246	-0.7700335383415222	0.8864011168479919	0.11369096487760544	0.44873982667922974	0.33549824357032776	-0.8256875872612	-0.4535207152366638
0.20362189412117004	0.16677308082580566	-0.5183611512184143	0.34916505217552185	0.3041034936904907	0	0	0	0	0	0	0.21427564322948456	-0.8285059928894043	-0.5173622965812683	0.787351667881012	-0.16695919632911682	0.59346604347229	-0.5780686140060425	-0.534511387348175	0.6165503263473511
0.34440526366233826	1.3802262544631958	-0.8582422733306885	0.3384396731853485	0.21470946073532104	0	0	0	0	0	0	0.3539010286331177	0.3803611993789673	-0.8544469475746155	0.9092925786972046	0.07394640147686005	0.4095350503921509	0.21895451843738556	-0.9218771457672119	-0.31968986988067627
0.13753724098205566	0.07441633939743042	-0.3588186800479889	0.3556405305862427	0.3214573562145233	0	0	0	0	0	0	0.14850328862667084	-0.9216299057006836	-0.35853201150894165	0.7344412803649902	-0.13999709486961365	0.6640759110450745	-0.6622256636619568	-0.36193814873695374	0.6560930013656616
0.36615705490112305	1.1927412748336792	-0.9107556939125061	0.3378642797470093	0.22692637145519257	0	0	0	0	0	0	0.3754178285598755	0.1938280463218689	-0.9063620567321777	0.9216533303260803	0.025395147502422333	0.3871823847293854	0.09806400537490845	-0.9807068705558777	-0.16910851001739502
0.06583118438720703	0.017543494701385498	-0.18570496141910553	0.3658953607082367	0.3427875339984894	0	0	0	0	0	0	0.0764203667640686	-0.9798532128334045	-0.18451979756355286	0.6859393119812012	-0.08264419436454773	0.7229503393173218	-0.7236347794532776	-0.18181753158569336	0.6658042073249817
0.373501718044281	0.997763454914093	-0.9284873604774475	0.337890088558197	0.23882147669792175	0	0	0	0	0	0	0.38268154859542847	0.0	-0.9238803386688232	0.9234128594398499	-0.03180528059601784	0.38248804211616516	-0.029384274035692215	-0.9994940757751465	-0.012171294540166855
0.36615705490112305	0.8027856349945068	-0.9107556939125061	0.3385125398635864	0.2506870925426483	0	0	0	0	0	0	0.3754178285598755	-0.1938280463218689	-0.9063620567321777	0.9137157797813416	-0.08668191730976105	0.3970010280609131	-0.1555151343345642	-0.9771985411643982	0.14456181228160858
0.4526667594909668	1.5530133247375488	-0.6962175965309143	0.350555956363678	0.20303842425346375	0	0	0	0	0	0	0.4630599319934845	0.5525407195091248	-0.6930181980133057	0.8031219244003296	0.06917910277843475	0.5917850136756897	0.37492766976356506	-0.8306100368499756	-0.4117234945297241
0.5039477348327637	1.3802262544631958	-0.7729650139808655	0.34971627593040466	0.21537545323371887	0	0	0	0	0	0	0.5138120651245117	0.38035398721694946	-0.7689785957336426	0.8207425475120544	0.0430166982114315	0.5696764588356018	0.24975763261318207	-0.9238400459289551	-0.29007020592689514
0.20362189412117004	0.07441633939743042	-0.32349568605422974	0.36278069019317627	0.31892722845077515	0	0	0	0	0	0	0.21558570861816406	-0.9216411113739014	-0.3226460814476013	0.6634553074836731	-0.10418973118066788	0.740926206111908	-0.7164844870567322	-0.3737943470478058	0.5890058875083923
0.5355263948440552	1.1927412748336792	-0.8202258348464966	0.34937670826911926	0.2270735651254654	0	0	0	0	0	0	0.5450329184532166	0.19382406771183014	-0.8157030344009399	0.8302662968635559	0.010536272078752518	0.5572673678398132	0.11660628020763397	-0.9809796810150146	-0.15518295764923096
0.09952085465192795	0.017543494701385498	-0.167697474360466	0.3704621195793152	0.340755820274353	0	0	0	0	0	0	0.11093805730342865	-0.9798562526702881	-0.16605611145496368	0.6250393390655518	-0.06111511215567589	0.7781972289085388	-0.772669792175293	-0.1901232749223709	0.6056686043739319
0.5461893081665039	0.997763454914093	-0.8361839056015015	0.34946849942207336	0.23846039175987244	0	0	0	0	0	0	0.5555732250213623	0.0	-0.8314676880836487	0.8310674428939819	-0.031023159623146057	0.5553058981895447	-0.025794751942157745	-0.9995186924934387	-0.017235634848475456
0.09952099621295929	1.9779832363128662	-0.16769765317440033	0.36530375480651855	0.13464543223381042	0	0	0	0	0	0	0.11093805730342865	0.9798562526702881	-0.16605611145496368	0.613176703453064	0.06400904059410095	0.7873482704162598	0.7821170687675476	-0.18916861712932587	-0.5937238931655884
0.5355263948440552	0.8027856349945068	-0.8202258348464966	0.3499825596809387	0.2498253434896469	0	0	0	0	0	0	0.5450329184532166	-0.19382406771183014	-0.8157030344009399	0.8225213885307312	-0.06492605805397034	0.5650161504745483	-0.16247409582138062	-0.9788855314254761	0.12403760105371475
0.2036219835281372	1.9211103916168213	-0.3234958052635193	0.3583773970603943	0.15691344439983368	0	0	0	0	0	0	0.21558570861816406	0.9216411113739014	-0.3226460814476013	0.6717560887336731	0.09982860088348389	0.7340149879455566	0.7087076902389526	-0.3749825954437256	-0.5975963473320007
0.5039477348327637	0.615300714969635	-0.7729650735855103	0.3509564995765686	0.26145297288894653	0	0	0	0	0	0	0.5138120651245117	-0.38035398721694946	-0.7689785957336426	0.8048325181007385	-0.0966583713889122	0.5855781435966492	-0.2970552146434784	-0.9197760820388794	0.25645703077316284
0.299562007188797	1.8287537097930908	-0.46708017587661743	0.3544507622718811	0.17459599673748016	0	0	0	0	0	0	0.3111134469509125	0.828506588935852	-0.46560198068618774	0.724872887134552	0.10997370630502701	0.680047869682312	0.6146281361579895	-0.5490742921829224	-0.5663477182388306
0.4526667594909668	0.44251346588134766	-0.6962175965309143	0.3524782955646515	0.273660272359848	0	0	0	0	0	0	0.4630599319934845	-0.5525407195091248	-0.6930181980133057	0.7798447608947754	-0.11758939176797867	0.6148291230201721	-0.4212097227573395	-0.825149416923523	0.37644505500793457
0.3836541175842285	1.7044625282287598	-0.592932939529419	0.35204002261161804	0.18964476883411407	0	0	0	0	0	0	0.3946394622325897	0.7038565874099731	-0.5906316041946411	0.7697799205780029	0.09771401435136795	0.6307860016822815	0.5016958117485046	-0.7035893201828003	-0.5032528042793274
0.3836541175842285	0.2910642623901367	-0.592932939529419	0.3547113239765167	0.2868615984916687	0	0	0	0	0	0	0.3946394622325897	-0.7038565874099731	-0.5906316041946411	0.7511711120605469	-0.12304437905550003	0.6485384702682495	-0.529151976108551	-0.6996042728424072	0.48015856742858887
0.2995619773864746	0.16677308082580566	-0.46708008646965027	0.35795506834983826	0.30163103342056274	0	0	0	0	0	0	0.3111134469509125	-0.828506588935852	-0.46560198068618774	0.7082828879356384	-0.124526746571064	0.6948586106300354	-0.6336748600006104	-0.5459577441215515	0.5480750799179077
0.6437878012657166	0.615300714969635	-0.658201277256012	0.36176598072052	0.26044973731040955	0	0	0	0	0	0	0.6539602279663086	-0.3803577423095703	-0.6539602279663086	0.683779776096344	-0.07269129902124405	0.7260586619377136	-0.32369929552078247	-0.9219782948493958	0.21254371106624603
0.26154571771621704	1.9211103916168213	-0.2759590446949005	0.3656286299228668	0.1585080921649933	0	0	0	0	0	0	0.27439454197883606	0.921637237071991	-0.27439454197883606	0.5989180207252502	0.05945051833987236	0.7986005544662476	0.7523329854011536	-0.3834714889526367	-0.5356723666191101
0.3836541771888733	1.8287537097930908	-0.39806750416755676	0.3632548153400421	0.1759866178035736	0	0	0	0	0	0	0.3959595561027527	0.8285119533538818	-0.3959595561027527	0.6347246766090393	0.06466376781463623	0.7700280547142029	0.6635816693305969	-0.5562252402305603	-0.5002727508544922
0.5785195231437683	0.44251346588134766	-0.5929328203201294	0.36284908652305603	0.2723560929298401	0	0	0	0	0	0	0.5893582701683044	-0.5525519847869873	-0.5893582701683044	0.6600658893585205	-0.09127622097730637	0.745641827583313	-0.4658002257347107	-0.8284654021263123	0.31092628836631775
0.49068310856819153	1.7044625282287598	-0.505096435546875	0.36184802651405334	0.1907210648059845	0	0	0	0	0	0	0.5022836923599243	0.7038624286651611	-0.5022836923599243	0.66153484582901	0.06127888709306717	0.747406542301178	0.556850790977478	-0.7076882719993591	-0.43485015630722046
0.49068310856819153	0.2910642623901367	-0.505096435546875	0.3644076883792877	0.2852911949157715	0	0	0	0	0	0	0.5022836923599243	-0.7038624286651611	-0.5022836923599243	0.6325819492340088	-0.09692462533712387	0.7684046626091003	-0.5895348191261292	-0.703692615032196	0.3965669870376587
0.5785195231437683	1.5530133247375488	-0.5929328203201294	0.3610192835330963	0.2037641853094101	0	0	0	0	0	0	0.5893582701683044	0.5525519847869873	-0.5893582701683044	0.6848902702331543	0.045175500214099884	0.7272444367408752	0.4284649193286896	-0.8322532176971436	-0.3518128991127014
0.3836541175842285	0.16677308082580566	-0.398067444562912	0.3666461110115051	0.29986894130706787	0	0	0	0	0	0	0.3959595561027527	-0.8285119533538818	-0.3959595561027527	0.6031351685523987	-0.090495266020298	0.7924888134002686	-0.6924189925193787	-0.5526107549667358	0.4638722836971283
0.6437878012657166	1.3802262544631958	-0.6582012176513672	0.3605888783931732	0.2157420814037323	0	0	0	0	0	0	0.6539602279663086	0.3803577423095703	-0.6539602279663086	0.7013286352157593	0.019337300211191177	0.7125757336616516	0.2836795449256897	-0.9246371984481812	-0.2541099488735199
0.2615455985069275	0.07441633939743042	-0.27595895528793335	0.36994969844818115	0.31713250279426575	0	0	0	0	0	0	0.27439454197883606	-0.921637237071991	-0.27439454197883606	0.572335422039032	-0.07277844101190567	0.816783607006073	-0.7727482318878174	-0.3811666965484619	0.5075156092643738
0.6839799284934998	1.1927412748336792	-0.6983931660652161	0.36046886444091797	0.22708386182785034	0	0	0	0	0	0	0.6936970949172974	0.19382624328136444	-0.6936970949172974	0.708329439163208	-0.00896312016993761	0.7058250904083252	0.13058973848819733	-0.9809949398040771	-0.14351052045822144
0.1290500909090042	0.017543494701385498	-0.14346344769001007	0.3751579225063324	0.33931964635849	0	0	0	0	0	0	0.14121326804161072	-0.9798558950424194	-0.14121326804161072	0.5413860082626343	-0.04298849776387215	0.8396744132041931	-0.8288305997848511	-0.19502407312393188	0.5244097709655762
0.6975511908531189	0.997763454914093	-0.7119643688201904	0.36062145233154297	0.23812200129032135	0	0	0	0	0	0	0.7071067690849304	0.0	-0.7071067690849304	0.7067347764968872	-0.032434314489364624	0.7067347168922424	-0.022934524342417717	-0.9994738698005676	-0.022934524342417717
0.12905026972293854	1.9779832363128662	-0.143463596701622	0.37000173330307007	0.13609197735786438	0	0	0	0	0	0	0.14121326804161072	0.9798558950424194	-0.14121326804161072	0.5438236594200134	0.04241415113210678	0.8381270170211792	0.8272331357002258	-0.195149764418602	-0.5268793702125549
0.6839799284934998	0.8027856349945068	-0.6983931660652161	0.36104440689086914	0.24914754927158356	0	0	0	0	0	0	0.6936970949172974	-0.19382624328136444	-0.6936970949172974	0.6988706588745117	-0.05187314748764038	0.7133646011352539	-0.17425303161144257	-0.9796635508537292	0.09947522729635239
0.30908235907554626	0.07441633939743042	-0.2180352658033371	0.377141535282135	0.3160315155982971	0	0	0	0	0	0	0.3226460814476013	-0.9216411113739014	-0.21558570861816406	0.478229820728302	-0.037824083119630814	0.8774198293685913	-0.816820502281189	-0.3861956000328064	0.42855244874954224
0.7585516571998596	1.3802262544631958	-0.5183610320091248	0.3711978495121002	0.2158319503068924	0	0	0	0	0	0	0.7689785957336426	0.38035398721694946	-0.5138120651245117	0.5568820834159851	-0.003856992581859231	0.8305826783180237	0.3139336109161377	-0.9248329401016235	-0.21477824449539185
0.8058124780654907	1.1927412748336792	-0.5499396920204163	0.37128743529319763	0.22696252167224884	0	0	0	0	0	0	0.8157030344009399	0.19382406771183014	-0.5450329184532166	0.5582960844039917	-0.01711895689368248	0.8294650912284851	0.15143990516662598	-0.9808869361877441	-0.1221752017736435
0.15328411757946014	0.017543494701385498	-0.11393419653177261	0.37993869185447693	0.3384664058685303	0	0	0	0	0	0	0.16605611145496368	-0.9798562526702881	-0.11093805730342865	0.47046735882759094	-0.02015017904341221	0.8821872472763062	-0.8666521310806274	-0.19868533313274384	0.4576443135738373
0.8217706084251404	0.997763454914093	-0.5606025457382202	0.37150245904922485	0.23779697716236115	0	0	0	0	0	0	0.8314676880836487	0.0	-0.5555732250213623	0.555351734161377	-0.02823338471353054	0.8311362266540527	-0.015685711055994034	-0.9996013641357422	-0.023475144058465958
0.15328431129455566	1.9779832363128662	-0.11393431574106216	0.3747652471065521	0.1369480937719345	0	0	0	0	0	0	0.16605611145496368	0.9798562526702881	-0.11093805730342865	0.4666682183742523	0.02101995423436165	0.8841827511787415	0.8687037825584412	-0.19859519600868225	-0.4537772238254547
0.8058124780654907	0.8027856349945068	-0.5499396920204163	0.3718484342098236	0.24862754344940186	0	0	0	0	0	0	0.8157030344009399	-0.19382406771183014	-0.5450329184532166	0.5486482977867126	-0.039397988468408585	0.8351244926452637	-0.18334044516086578	-0.9802449345588684	0.07420419156551361
0.3090824782848358	1.9211103916168213	-0.21803532540798187	0.3728480339050293	0.15939736366271973	0	0	0	0	0	0	0.3226460814476013	0.9216411113739014	-0.21558570861816406	0.4968911409378052	0.028931114822626114	0.8673304915428162	0.8056045174598694	-0.386963427066803	-0.4486207664012909
0.7585516571998596	0.615300714969635	-0.5183611512184143	0.37234586477279663	0.25974583625793457	0	0	0	0	0	0	0.7689785957336426	-0.38035398721694946	-0.5138120651245117	0.5379016399383545	-0.049348436295986176	0.8415619730949402	-0.34544727206230164	-0.923523485660553	0.1666451245546341
0.4526668190956116	1.8287537097930908	-0.3139753043651581	0.3719343841075897	0.17671920359134674	0	0	0	0	0	0	0.46560198068618774	0.828506588935852	-0.3111134469509125	0.5207416415214539	0.027764620259404182	0.8532627820968628	0.7155718207359314	-0.5592905879020691	-0.41851064562797546
0.6818042993545532	0.44251346588134766	-0.4670800566673279	0.37303292751312256	0.2714848220348358	0	0	0	0	0	0	0.6930181980133057	-0.5525407195091248	-0.4630599319934845	0.524142324924469	-0.054833315312862396	0.8498636484146118	-0.49497538805007935	-0.8316802978515625	0.2516094744205475
0.5785195231437683	1.7044625282287598	-0.398067444562912	0.37146344780921936	0.1912466585636139	0	0	0	0	0	0	0.5906316041946411	0.7038565874099731	-0.3946394622325897	0.5402793288230896	0.018325701355934143	0.8412861824035645	0.5993767976760864	-0.7101057171821594	-0.3694554269313812
0.5785195231437683	0.2910642623901367	-0.398067444562912	0.3739740550518036	0.28427743911743164	0	0	0	0	0	0	0.5906316041946411	-0.7038565874099731	-0.3946394622325897	0.5088380575180054	-0.054709505289793015	0.8591221570968628	-0.6262892484664917	-0.7082321643829346	0.32583582401275635
0.6818042993545532	1.5530133247375488	-0.4670800566673279	0.37124475836753845	0.20407123863697052	0	0	0	0	0	0	0.6930181980133057	0.5525407195091248	-0.4630599319934845	0.5510865449905396	0.008086876012384892	0.8344089388847351	0.46478959918022156	-0.8334466218948364	-0.29889339208602905
0.4526667594909668	0.16677308082580566	-0.3139752447605133	0.37527862191200256	0.29876112937927246	0	0	0	0	0	0	0.46560198068618774	-0.828506588935852	-0.3111134469509125	0.4908704459667206	-0.050744134932756424	0.8697536587715149	-0.7363837957382202	-0.5576754212379456	0.38306283950805664
0.8438288569450378	0.615300714969635	-0.3588186800479889	0.38282203674316406	0.25931516289711	0	0	0	0	0	0	0.8544469475746155	-0.3803611993789673	-0.3539010286331177	0.37247973680496216	-0.026389269158244133	0.9276650547981262	-0.3621869683265686	-0.9244615435600281	0.11912860721349716
0.7585517168045044	0.44251346588134766	-0.3234955668449402	0.3831365704536438	0.2710155248641968	0	0	0	0	0	0	0.7700335383415222	-0.5525527000427246	-0.318957656621933	0.3687164783477783	-0.022573521360754967	0.9292678236961365	-0.5206694006919861	-0.8331722617149353	0.1863528937101364
0.6437879204750061	1.7044625282287598	-0.2759588956832886	0.38097068667411804	0.19124963879585266	0	0	0	0	0	0	0.6562580466270447	0.7038682699203491	-0.2718360424041748	0.39926108717918396	-0.018239527940750122	0.9166558384895325	0.6402468681335449	-0.7100963592529297	-0.2929970920085907
0.6437879204750061	0.2910642623901367	-0.2759588956832886	0.3834899961948395	0.28378596901893616	0	0	0	0	0	0	0.6562580466270447	-0.7038682699203491	-0.2718360424041748	0.3667275011539459	-0.017311658710241318	0.9301672577857971	-0.6594212055206299	-0.7101196050643921	0.24676693975925446
0.7585517168045044	1.5530133247375488	-0.3234955668449402	0.3813434839248657	0.20397940278053284	0	0	0	0	0	0	0.7700335383415222	0.5525527000427246	-0.318957656621933	0.39663195610046387	-0.023013077676296234	0.9176892638206482	0.49973151087760925	-0.8331602811813354	-0.23688089847564697
0.5039477944374084	0.16677308082580566	-0.21803519129753113	0.3838966488838196	0.2982749938964844	0	0	0	0	0	0	0.5173622965812683	-0.8285059928894043	-0.21427564322948456	0.3666270077228546	-0.011660234071314335	0.930294930934906	-0.7732534408569336	-0.5598587393760681	0.29772013425827026
0.8438288569450378	1.3802262544631958	-0.3588186204433441	0.3816712200641632	0.2156551033258438	0	0	0	0	0	0	0.8544469475746155	0.3803611993789673	-0.3539010286331177	0.39291343092918396	-0.02742045745253563	0.9191665649414062	0.3399111032485962	-0.9244314432144165	-0.17287832498550415
0.34440529346466064	0.07441633939743042	-0.15195058286190033	0.38435670733451843	0.3156006932258606	0	0	0	0	0	0	0.35853201150894165	-0.9216299057006836	-0.14850328862667084	0.37318459153175354	-0.004312874283641577	0.9277470707893372	-0.8556798696517944	-0.38804614543914795	0.3423917889595032
0.8963422179222107	1.1927412748336792	-0.3805702328681946	0.38196930289268494	0.22670961916446686	0	0	0	0	0	0	0.9063620567321777	0.1938280463218689	-0.3754178285598755	0.3878799080848694	-0.02945927530527115	0.9212390780448914	0.16750241816043854	-0.980593204498291	-0.10188277065753937
0.17129160463809967	0.017543494701385498	-0.0802445262670517	0.38476571440696716	0.3381892442703247	0	0	0	0	0	0	0.18451979756355286	-0.9798532128334045	-0.0764203667640686	0.38448575139045715	0.000407432671636343	0.9231308102607727	-0.9045016169548035	-0.19971846044063568	0.3768148124217987
0.9140739440917969	0.997763454914093	-0.3879150152206421	0.3822517395019531	0.23747631907463074	0	0	0	0	0	0	0.9238803386688232	0.0	-0.38268154859542847	0.38251784443855286	-0.029244989156723022	0.9234851598739624	-0.011191517114639282	-0.9995722770690918	-0.027018869295716286
0.17129182815551758	1.9779832363128662	-0.08024460077285767	0.3795546889305115	0.13722562789916992	0	0	0	0	0	0	0.18451979756355286	0.9798532128334045	-0.0764203667640686	0.3833461403846741	-0.00015587013331241906	0.9236047267913818	0.904985249042511	-0.19971883296966553	-0.3756517469882965
0.8963422179222107	0.8027856349945068	-0.3805702328681946	0.38253164291381836	0.24824725091457367	0	0	0	0	0	0	0.9063620567321777	-0.1938280463218689	-0.3754178285598755	0.37737733125686646	-0.028159409761428833	0.9256313443183899	-0.18998485803604126	-0.9806312918663025	0.04762369021773338
0.34440547227859497	1.9211103916168213	-0.1519506424665451	0.3800370991230011	0.159610316157341	0	0	0	0	0	0	0.35853201150894165	0.9216299057006836	-0.14850328862667084	0.3942526876926422	-0.005294589791446924	0.9189867973327637	0.8461794853210449	-0.38803398609161377	-0.36525335907936096
0.5039478540420532	1.8287537097930908	-0.2180352658033371	0.3805369734764099	0.17682617902755737	0	0	0	0	0	0	0.5173622965812683	0.8285059928894043	-0.21427564322948456	0.3982597887516022	-0.01147944014519453	0.9172009229660034	0.7574467062950134	-0.559862494468689	-0.3358996510505676
0.1823805570602417	0.017543494701385498	-0.04368910938501358	0.38960298895835876	0.33848756551742554	0	0	0	0	0	0	0.1958734691143036	-0.9798556566238403	-0.03894274681806564	0.29797443747520447	0.021637097001075745	0.9543285965919495	-0.934261679649353	-0.1985315978527069	0.29621008038520813
0.9709141254425049	0.997763454914093	-0.20053812861442566	0.39300352334976196	0.23715123534202576	0	0	0	0	0	0	0.9807879328727722	0.0	-0.19507722556591034	0.19499920308589935	-0.02827698551118374	0.9803956747055054	-0.005516196135431528	-0.9996001720428467	-0.027733726426959038
0.182380810379982	1.9779832363128662	-0.04368913173675537	0.38433319330215454	0.1369301974773407	0	0	0	0	0	0	0.1958734691143036	0.9798556566238403	-0.03894274681806564	0.2957606315612793	-0.021166766062378883	0.9550275206565857	0.9349648356437683	-0.19858227670192719	-0.2939487397670746
0.9520901441574097	0.8027856349945068	-0.196793794631958	0.39322513341903687	0.24799539148807526	0	0	0	0	0	0	0.9621857404708862	-0.19382883608341217	-0.19138728082180023	0.19216878712177277	-0.014943045563995838	0.9812481999397278	-0.19305406510829926	-0.9809215664863586	0.022869860753417015
0.3661572337150574	1.9211103916168213	-0.08024455606937408	0.3871992826461792	0.15915784239768982	0	0	0	0	0	0	0.3805999755859375	0.921637237071991	-0.07568662613630295	0.2859169840812683	-0.039445485919713974	0.9574422240257263	0.8794289231300354	-0.38604259490966797	-0.2785246968269348
0.8963422775268555	0.615300714969635	-0.1857050210237503	0.3933158814907074	0.2591446340084076	0	0	0	0	0	0	0.9070661067962646	-0.380362868309021	-0.18043051660060883	0.19363033771514893	-0.0036256250459700823	0.9810678362846375	-0.37381595373153687	-0.9248302578926086	0.07036111503839493
0.5355265140533447	1.8287537097930908	-0.11393420398235321	0.3891090750694275	0.17631755769252777	0	0	0	0	0	0	0.5492242574691772	0.82850581407547	-0.10922835767269135	0.26785439252853394	-0.0507189966738224	0.9621235728263855	0.7915850281715393	-0.5576788783073425	-0.2497750222682953
0.8058125376701355	0.44251346588134766	-0.16769739985466003	0.39326462149620056	0.2709347903728485	0	0	0	0	0	0	0.8174616694450378	-0.5525534152984619	-0.16260726749897003	0.20105239748954773	0.009180418215692043	0.9795375466346741	-0.5397539734840393	-0.8334268927574158	0.11859681457281113
0.6839799880981445	1.7044625282287598	-0.14346343278884888	0.3904503583908081	0.19073651731014252	0	0	0	0	0	0	0.6966912746429443	0.7038632035255432	-0.13855695724487305	0.24772147834300995	-0.054786067456007004	0.9672809839248657	0.6732425093650818	-0.7082197070121765	-0.21253101527690887
0.6839799880981445	0.2910642623901367	-0.14346343278884888	0.39303553104400635	0.2838038504123688	0	0	0	0	0	0	0.6966912746429443	-0.7038632035255432	-0.13855695724487305	0.21471275389194489	0.020305544137954712	0.9764661192893982	-0.6844850778579712	-0.710045337677002	0.16527511179447174
0.8058125376701355	1.5530133247375488	-0.16769739985466003	0.39142078161239624	0.20349104702472687	0	0	0	0	0	0	0.8174616694450378	0.5525534152984619	-0.16260726749897003	0.22983570396900177	-0.05406178906559944	0.9717268347740173	0.528140127658844	-0.8317224383354187	-0.17118993401527405
0.5355264544487	0.16677308082580566	-0.11393415927886963	0.39254629611968994	0.29839977622032166	0	0	0	0	0	0	0.5492242574691772	-0.82850581407547	-0.10922835767269135	0.2337910532951355	0.026846980676054955	0.971916139125824	-0.8023057579994202	-0.5593365430831909	0.20844225585460663
0.8963422775268555	1.3802262544631958	-0.18570494651794434	0.3921307921409607	0.2152097076177597	0	0	0	0	0	0	0.9070661067962646	0.380362868309021	-0.18043051660060883	0.21557162702083588	-0.05151616036891937	0.9751281142234802	0.36160746216773987	-0.9234014749526978	-0.12872402369976044
0.36615708470344543	0.07441633939743042	-0.0802445337176323	0.39159926772117615	0.31583371758461	0	0	0	0	0	0	0.3805999755859375	-0.921637237071991	-0.07568662613630295	0.2637137770652771	0.029726170003414154	0.9641428589820862	-0.8863401412963867	-0.38691234588623047	0.25436219573020935
0.9520901441574097	1.1927412748336792	-0.196793794631958	0.3926455080509186	0.22631962597370148	0	0	0	0	0	0	0.9621857404708862	0.19382883608341217	-0.19138728082180023	0.2030734270811081	-0.04214312881231308	0.9782561659812927	0.1815485954284668	-0.9801297783851624	-0.079911008477211
0.6975511312484741	1.7044625282287598	-0.00567273236811161	0.3999811112880707	0.18969324231147766	0	0	0	0	0	0	0.7103344202041626	0.7038642764091492	0.0	0.09818534553050995	-0.09908793866634369	0.9902228713035583	0.6969825029373169	-0.7033894062042236	-0.13949473202228546
0.6975511312484741	0.2910642623901367	-0.005672731902450323	0.4026922881603241	0.28433847427368164	0	0	0	0	0	0	0.7103344202041626	-0.7038642764091492	0.0	0.05326073616743088	0.05375029891729355	0.9971330165863037	-0.7018463611602783	-0.7082979083061218	0.07566902041435242
0.8217705488204956	1.5530133247375488	-0.005672718398272991	0.4015803039073944	0.2025914043188095	0	0	0	0	0	0	0.8334795832633972	0.5525502562522888	0.0	0.06077594682574272	-0.0916757881641388	0.9939325451850891	0.5491976737976074	-0.828422486782074	-0.1099916622042656
0.5461892485618591	0.16677308082580566	-0.005672710482031107	0.4012754559516907	0.29914599657058716	0	0	0	0	0	0	0.559992253780365	-0.8284978866577148	0.0	0.0961039811372757	0.06495789438486099	0.9932494163513184	-0.8229050636291504	-0.5562119483947754	0.11599786579608917
0.9140738844871521	1.3802262544631958	-0.005672773811966181	0.40269729495048523	0.21448184549808502	0	0	0	0	0	0	0.9248404502868652	0.38035523891448975	0.0	0.031412772834300995	-0.07638071477413177	0.9965838193893433	0.3790558874607086	-0.9216809868812561	-0.08258798718452454
0.373501718044281	0.07441633939743042	-0.005672745872288942	0.3988742232322693	0.3167418837547302	0	0	0	0	0	0	0.388047456741333	-0.9216394424438477	0.0	0.15136484801769257	0.06373076140880585	0.9864213466644287	-0.9091248512268066	-0.3827782869338989	0.16423436999320984
0.9709138870239258	1.1927412748336792	-0.00567265972495079	0.40344685316085815	0.2257806807756424	0	0	0	0	0	0	0.9810358285903931	0.19382667541503906	0.0	0.010922408662736416	-0.05528261139988899	0.9984109997749329	0.19351868331432343	-0.9794769883155823	-0.056351277977228165
0.18612484633922577	0.017543494701385498	-0.005672742612659931	0.39441415667533875	0.3393673300743103	0	0	0	0	0	0	0.1997184306383133	-0.9798533320426941	0.0	0.21036341786384583	0.042877499014139175	0.9766824841499329	-0.9570056200027466	-0.19506148993968964	0.2146887332201004
0.9901067614555359	0.997763454914093	-0.00567267183214426	0.40389224886894226	0.23681291937828064	0	0	0	0	0	0	1.0	0.0	0.0	0.0	-0.03410748764872551	0.9994182586669922	0.0	-0.9994182586669922	-0.03410748764872551
0.18612506985664368	1.9779832363128662	-0.005672719795256853	0.3890639543533325	0.13606111705303192	0	0	0	0	0	0	0.1997184306383133	0.9798533320426941	0.0	0.2158089578151703	-0.0439874641597271	0.9754443168640137	0.9557923674583435	-0.19481422007083893	-0.22024624049663544
0.9709138870239258	0.8027856349945068	-0.005672660190612078	0.4040607213973999	0.24786679446697235	0	0	0	0	0	0	0.9810358285903931	-0.19382667541503906	0.0	-0.001644590636715293	-0.008324140682816505	0.9999639987945557	-0.19381970167160034	-0.9810004830360413	-0.008485046215355396
0.37350189685821533	1.9211103916168213	-0.005672731902450323	0.3943370580673218	0.15803350508213043	0	0	0	0	0	0	0.388047456741333	0.9216394424438477	0.0	0.177036851644516	-0.07453970611095428	0.9813775420188904	0.9044761657714844	-0.38082101941108704	-0.19208906590938568
0.9140738844871521	0.615300714969635	-0.005672817584127188	0.40395015478134155	0.25923317670822144	0	0	0	0	0	0	0.9248404502868652	-0.38035523891448975	0.0	0.007888568565249443	0.01918117143213749	0.9997849464416504	-0.3802734613418579	-0.9246415495872498	0.020739983767271042
0.5461893677711487	1.8287537097930908	-0.005672738887369633	0.397695392370224	0.17518194019794464	0	0	0	0	0	0	0.559992253780365	0.8284978866577148	0.0	0.13336385786533356	-0.09014233946800232	0.9869592785835266	0.8176935911178589	-0.5526894927024841	-0.16097067296504974
0.8217705488204956	0.44251346588134766	-0.0056727188639342785	0.4035232961177826	0.2712460160255432	0	0	0	0	0	0	0.8334795832633972	-0.5525502562522888	0.0	0.024520911276340485	0.036987897008657455	0.9990149140357971	-0.5520058870315552	-0.8326584696769714	0.04437768831849098
0.9709141254425049	0.997763454914093	0.1891927719116211	0.41505834460258484	0.23645171523094177	0	0	0	0	0	0	0.9807879328727722	0.0	0.19507722556591034	-0.19500258564949036	-0.027651390060782433	0.9804128408432007	0.00539415655657649	-0.9996176362037659	-0.02712015062570572
0.1823807954788208	1.9779832363128662	0.03234368935227394	0.3937075138092041	0.13461163640022278	0	0	0	0	0	0	0.1958734691143036	0.9798556566238403	0.03894274681806564	0.11396404355764389	-0.06218869984149933	0.9915366172790527	0.9739845395088196	-0.18977764248847961	-0.12384942919015884
0.1823805570602417	0.017543494701385498	0.03234362229704857	0.3991602063179016	0.3408410847187042	0	0	0	0	0	0	0.1958734691143036	-0.9798556566238403	0.03894274681806564	0.12492536753416061	0.06432197988033295	0.9900790452957153	-0.9726393818855286	-0.18906526267528534	0.13500776886940002
0.9520900845527649	0.8027856349945068	0.18544845283031464	0.4151769280433655	0.24786195158958435	0	0	0	0	0	0	0.9621857404708862	-0.19382883608341217	0.19138728082180023	-0.1929769068956375	0.01082781981676817	0.9811435341835022	-0.1922461986541748	-0.9809756278991699	-0.02698611654341221
